Rk,Player,Pos,Age,Tm,G,GS,MP,FG,FGA,FG%,3P,3PA,3P%,2P,2PA,2P%,eFG%,FT,FTA,FT%,ORB,DRB,TRB,AST,STL,BLK,TOV,PF,PTS
1,Precious Achiuwa\achiupr01,PF,21,MIA,51,2,12.3,2.1,3.7,.555,0.0,0.0,,2.1,3.7,.555,.555,1.0,1.9,.505,1.3,2.2,3.5,0.5,0.3,0.5,0.7,1.6,5.1
2,Jaylen Adams\adamsja01,PG,24,MIL,7,0,2.6,0.1,1.1,.125,0.0,0.3,.000,0.1,0.9,.167,.125,0.0,0.0,,0.0,0.4,0.4,0.3,0.0,0.0,0.0,0.1,0.3
3,Steven Adams\adamsst01,C,27,NOP,50,50,27.9,3.3,5.4,.614,0.0,0.1,.000,3.3,5.4,.621,.614,1.0,2.4,.430,3.9,5.0,8.9,1.9,1.0,0.7,1.5,2.0,7.7
4,Bam Adebayo\adebaba01,C,23,MIA,48,48,33.5,7.2,12.7,.566,0.0,0.2,.250,7.1,12.5,.570,.567,4.6,5.6,.808,2.4,7.0,9.4,5.3,1.0,1.1,2.6,2.3,19.0
5,LaMarcus Aldridge\aldrila01,C,35,TOT,26,23,25.9,5.4,11.4,.473,1.2,3.1,.388,4.2,8.3,.505,.525,1.6,1.8,.872,0.7,3.8,4.5,1.9,0.4,1.1,1.0,1.8,13.5
5,LaMarcus Aldridge\aldrila01,C,35,SAS,21,18,25.9,5.5,11.8,.464,1.3,3.6,.360,4.2,8.2,.509,.518,1.5,1.8,.838,0.8,3.7,4.5,1.7,0.4,0.9,1.0,1.7,13.7
5,LaMarcus Aldridge\aldrila01,C,35,BRK,5,5,26.0,5.0,9.6,.521,0.8,1.0,.800,4.2,8.6,.488,.563,2.0,2.0,1.000,0.4,4.4,4.8,2.6,0.6,2.2,1.4,2.2,12.8
6,Ty-Shon Alexander\alexaty01,SG,22,PHO,8,0,2.9,0.1,1.0,.125,0.1,0.8,.167,0.0,0.3,.000,.188,0.1,0.3,.500,0.0,0.4,0.4,0.1,0.0,0.0,0.0,0.1,0.5
7,Nickeil Alexander-Walker\alexani01,SG,22,NOP,41,10,20.8,3.9,9.2,.418,1.6,4.6,.348,2.3,4.7,.487,.504,1.0,1.3,.750,0.2,2.8,3.1,2.0,1.0,0.5,1.4,1.9,10.2
8,Grayson Allen\allengr01,SG,25,MEM,39,27,24.8,3.5,8.2,.425,2.2,5.4,.396,1.3,2.7,.481,.557,1.5,1.6,.906,0.4,2.8,3.2,2.2,0.9,0.2,1.0,1.4,10.6
9,Jarrett Allen\allenja01,C,22,TOT,44,26,28.7,4.8,7.5,.633,0.1,0.3,.417,4.6,7.2,.642,.641,3.5,4.9,.704,3.0,6.9,9.9,1.7,0.5,1.7,1.5,1.6,13.1
9,Jarrett Allen\allenja01,C,22,BRK,12,5,26.7,3.7,5.4,.677,0.0,0.0,,3.7,5.4,.677,.677,3.8,5.1,.754,3.2,7.3,10.4,1.7,0.6,1.6,1.8,1.8,11.2
9,Jarrett Allen\allenja01,C,22,CLE,32,21,29.4,5.2,8.3,.623,0.2,0.4,.417,5.0,7.9,.632,.632,3.3,4.8,.684,3.0,6.7,9.7,1.7,0.4,1.7,1.3,1.5,13.8
10,Al-Farouq Aminu\aminual01,PF,30,TOT,18,14,21.1,2.0,5.0,.400,0.4,1.8,.219,1.6,3.2,.500,.439,0.9,1.1,.842,1.1,4.2,5.3,1.6,0.9,0.5,1.5,1.3,5.3
10,Al-Farouq Aminu\aminual01,PF,30,ORL,17,14,21.6,2.1,5.2,.404,0.4,1.8,.226,1.7,3.4,.500,.444,0.8,1.0,.824,1.2,4.2,5.4,1.7,1.0,0.5,1.5,1.3,5.5
10,Al-Farouq Aminu\aminual01,PF,30,CHI,1,0,12.0,0.0,1.0,.000,0.0,1.0,.000,0.0,0.0,,.000,2.0,2.0,1.000,0.0,5.0,5.0,0.0,0.0,0.0,2.0,2.0,2.0
11,Kyle Anderson\anderky01,PF,27,MEM,50,50,27.3,4.6,9.7,.470,1.4,3.8,.363,3.2,5.9,.539,.541,2.0,2.6,.769,0.8,5.1,5.9,3.5,1.3,0.8,1.3,1.7,12.5
12,Giannis Antetokounmpo\antetgi01,PF,26,MIL,45,45,34.0,10.4,18.4,.565,1.1,3.8,.302,9.3,14.7,.632,.595,6.8,9.9,.687,1.8,9.6,11.4,6.2,1.1,1.3,3.8,2.9,28.8
13,Kostas Antetokounmpo\antetko01,PF,23,LAL,12,0,3.4,0.3,0.6,.429,0.0,0.0,,0.3,0.6,.429,.429,0.3,0.6,.429,0.3,0.8,1.1,0.1,0.2,0.3,0.8,0.5,0.8
14,Thanasis Antetokounmpo\antetth01,SF,28,MIL,41,2,10.9,1.6,2.9,.547,0.2,0.6,.304,1.4,2.3,.606,.577,0.4,0.9,.486,1.1,1.4,2.5,0.8,0.4,0.2,0.9,1.4,3.7
15,Carmelo Anthony\anthoca01,PF,36,POR,53,3,25.1,4.8,11.5,.413,1.7,4.5,.382,3.0,7.0,.434,.489,2.1,2.4,.874,0.5,2.7,3.2,1.6,0.7,0.6,1.0,2.2,13.3
16,Cole Anthony\anthoco01,PG,20,ORL,29,17,26.4,4.1,11.0,.373,1.0,3.3,.299,3.1,7.7,.405,.418,1.8,2.2,.841,0.9,3.6,4.5,3.9,0.7,0.4,1.9,2.1,11.0
17,OG Anunoby\anunoog01,SF,23,TOR,36,36,33.0,5.3,11.3,.473,2.2,5.8,.386,3.1,5.5,.563,.571,1.7,2.3,.753,1.4,4.3,5.7,2.0,1.6,0.7,1.8,2.8,14.6
18,Ryan Arcidiacono\arcidry01,PG,26,CHI,31,0,10.7,1.1,2.8,.379,0.5,1.6,.314,0.5,1.2,.472,.471,0.4,0.5,.750,0.1,1.4,1.5,1.4,0.2,0.0,0.2,1.1,3.0
19,Trevor Ariza\arizatr01,SF,35,MIA,13,10,24.8,2.3,6.9,.333,1.1,3.8,.280,1.2,3.1,.400,.411,1.2,1.6,.762,0.5,3.4,3.8,1.5,0.7,0.6,0.5,1.5,6.9
20,D.J. Augustin\augusdj01,PG,33,TOT,51,6,19.2,2.2,5.6,.385,1.3,3.5,.374,0.8,2.1,.402,.502,1.4,1.5,.932,0.4,1.3,1.6,3.3,0.5,0.0,1.1,1.0,7.0
20,D.J. Augustin\augusdj01,PG,33,MIL,37,6,19.3,1.9,5.2,.370,1.3,3.5,.380,0.6,1.7,.349,.497,1.0,1.1,.900,0.3,1.1,1.4,3.0,0.5,0.0,0.9,0.9,6.1
20,D.J. Augustin\augusdj01,PG,33,HOU,14,0,19.1,2.8,6.7,.415,1.3,3.6,.360,1.5,3.1,.477,.511,2.4,2.4,.971,0.5,1.8,2.3,4.0,0.4,0.0,1.5,1.3,9.2
21,Deni Avdija\avdijde01,SF,20,WAS,49,27,23.3,2.4,5.8,.416,1.0,3.2,.325,1.4,2.6,.527,.505,0.6,0.9,.643,0.4,4.5,4.9,1.2,0.6,0.2,0.6,2.7,6.4
22,Deandre Ayton\aytonde01,C,22,PHO,54,54,30.5,6.5,10.5,.620,0.1,0.4,.200,6.4,10.1,.636,.624,1.9,2.6,.750,3.3,7.5,10.8,1.4,0.5,1.1,1.7,2.9,15.0
23,Udoka Azubuike\azubuud01,C,21,UTA,12,0,4.1,0.3,0.6,.571,0.0,0.0,,0.3,0.6,.571,.571,0.3,0.5,.667,0.3,0.8,1.1,0.0,0.1,0.3,0.3,0.7,1.0
24,Dwayne Bacon\bacondw01,SG,25,ORL,54,36,25.5,3.8,9.6,.393,0.9,3.0,.304,2.9,6.7,.433,.440,1.8,2.1,.836,0.3,2.7,3.1,1.2,0.5,0.1,0.6,1.6,10.3
25,Marvin Bagley III\baglema01,PF,21,SAC,37,37,25.7,5.6,11.2,.502,0.9,2.6,.354,4.7,8.6,.547,.543,1.6,2.9,.560,2.5,5.0,7.4,0.9,0.5,0.5,1.3,2.4,13.9
26,LaMelo Ball\ballla01,PG,19,CHO,41,21,28.6,5.8,12.8,.451,2.0,5.3,.375,3.8,7.6,.503,.528,2.4,3.0,.789,1.3,4.5,5.9,6.1,1.6,0.3,2.8,2.8,15.9
27,Lonzo Ball\balllo01,PG,23,NOP,41,41,31.7,5.2,12.3,.424,3.1,8.1,.384,2.1,4.2,.500,.550,0.9,1.2,.792,0.6,3.6,4.2,5.7,1.4,0.6,2.0,2.0,14.5
28,Mo Bamba\bambamo01,C,22,ORL,32,0,12.3,2.6,5.4,.486,0.8,2.0,.385,1.8,3.4,.546,.558,0.6,1.0,.606,1.3,2.9,4.3,0.5,0.2,1.0,0.6,1.7,6.7
29,Desmond Bane\banede01,SG,22,MEM,48,11,22.4,3.6,7.5,.475,1.8,3.9,.454,1.8,3.7,.497,.591,0.6,0.8,.811,0.4,2.8,3.1,1.5,0.7,0.2,1.0,1.9,9.5
30,Harrison Barnes\barneha02,PF,28,SAC,51,51,36.2,5.3,10.9,.487,1.5,4.1,.360,3.8,6.8,.565,.556,3.4,4.2,.825,1.2,5.6,6.7,3.5,0.8,0.2,1.5,1.3,15.5
31,RJ Barrett\barrerj01,SG,20,NYK,55,55,34.0,6.5,14.5,.450,1.4,3.7,.378,5.1,10.9,.474,.497,3.0,4.1,.735,1.0,4.7,5.7,3.0,0.8,0.3,2.0,2.6,17.4
32,Will Barton\bartowi01,SF,30,DEN,51,47,31.4,4.7,10.9,.432,1.7,4.5,.379,3.0,6.4,.469,.511,1.6,2.0,.779,0.7,3.4,4.2,3.2,0.9,0.4,1.7,1.7,12.8
33,Keita Bates-Diop\bateske01,SF,25,SAS,17,0,7.2,0.8,2.1,.371,0.3,0.9,.333,0.5,1.2,.400,.443,0.4,0.6,.700,0.3,0.9,1.2,0.4,0.4,0.1,0.1,0.4,2.2
34,Nicolas Batum\batumni01,SF,32,LAC,53,38,28.4,3.0,6.5,.466,1.8,4.3,.419,1.2,2.2,.560,.605,0.8,1.0,.843,0.8,4.1,5.0,2.3,1.1,0.5,0.8,1.6,8.6
35,Aron Baynes\baynear01,C,34,TOR,50,31,18.2,2.4,5.6,.431,0.4,1.9,.237,2.0,3.8,.527,.470,0.5,0.7,.730,1.7,3.4,5.1,0.9,0.3,0.4,0.9,2.3,5.8
36,Kent Bazemore\bazemke01,SF,31,GSW,52,3,17.4,2.3,5.1,.442,1.0,2.4,.400,1.3,2.7,.479,.536,0.7,1.0,.704,0.4,2.6,3.0,1.6,0.9,0.5,1.1,2.2,6.2
37,Darius Bazley\bazleda01,PF,20,OKC,38,38,30.8,4.4,11.2,.396,1.5,5.1,.297,2.9,6.0,.480,.465,1.5,2.2,.687,0.6,6.8,7.4,1.6,0.5,0.6,1.9,0.9,11.9
38,Bradley Beal\bealbr01,SG,27,WAS,44,44,35.3,10.9,22.5,.485,2.2,6.4,.344,8.7,16.1,.541,.534,6.9,7.8,.894,1.2,3.7,4.8,4.8,1.2,0.4,3.3,2.4,31.0
39,Malik Beasley\beaslma01,SG,24,MIN,37,36,32.8,7.1,16.2,.440,3.5,8.7,.399,3.7,7.5,.487,.547,1.8,2.2,.850,0.8,3.6,4.4,2.4,0.8,0.2,1.6,1.7,19.6
40,Jordan Bell\belljo01,C,26,WAS,3,1,16.7,1.7,5.0,.333,0.0,0.7,.000,1.7,4.3,.385,.333,0.0,0.0,,1.7,3.7,5.3,1.7,0.3,1.0,1.0,1.3,3.3
41,DeAndre' Bembry\bembrde01,SF,26,TOR,37,11,18.2,2.2,4.0,.544,0.2,0.9,.273,1.9,3.1,.621,.574,0.7,1.1,.667,0.6,2.0,2.6,2.0,0.8,0.4,1.2,1.6,5.3
42,Dāvis Bertāns\bertada01,PF,28,WAS,40,5,24.5,3.3,8.2,.402,2.9,7.3,.396,0.4,0.9,.457,.579,1.6,1.9,.867,0.4,2.6,3.0,0.9,0.6,0.2,0.6,2.5,11.1
43,Patrick Beverley\beverpa01,PG,32,LAC,31,31,23.4,2.6,6.1,.432,1.7,4.0,.416,1.0,2.1,.462,.568,1.1,1.3,.805,0.9,2.7,3.6,2.1,0.8,0.8,0.9,3.1,8.0
44,Saddiq Bey\beysa01,SF,21,DET,52,35,25.1,3.6,8.8,.411,2.3,6.0,.382,1.3,2.8,.473,.541,1.6,1.8,.884,0.5,3.4,4.0,1.3,0.7,0.1,0.8,1.7,11.2
45,Tyler Bey\beyty01,SF,22,DAL,11,0,3.5,0.4,1.1,.333,0.0,0.1,.000,0.4,1.0,.364,.333,0.2,0.4,.500,0.5,0.7,1.2,0.1,0.0,0.1,0.0,0.4,0.9
46,Khem Birch\birchkh01,C,28,TOT,50,5,19.9,2.0,4.4,.461,0.1,0.5,.217,1.9,3.9,.490,.473,1.3,1.8,.722,2.4,2.7,5.1,1.1,0.7,0.6,0.5,1.4,5.4
46,Khem Birch\birchkh01,C,28,ORL,48,5,19.8,2.0,4.4,.450,0.1,0.4,.190,1.9,3.9,.479,.459,1.3,1.8,.741,2.4,2.6,5.1,1.1,0.7,0.6,0.5,1.4,5.3
46,Khem Birch\birchkh01,C,28,TOR,2,0,21.5,3.5,5.0,.700,0.5,1.0,.500,3.0,4.0,.750,.750,1.0,2.5,.400,2.5,3.5,6.0,0.0,1.0,0.5,1.0,1.0,8.5
47,Goga Bitadze\bitadgo01,C,21,IND,34,1,11.0,1.9,4.1,.464,0.4,1.4,.245,1.5,2.6,.584,.507,0.7,1.0,.714,1.3,1.7,3.0,0.7,0.2,1.2,0.4,1.9,4.9
48,Bismack Biyombo\biyombi01,C,28,CHO,49,29,21.2,2.3,3.9,.581,0.0,0.0,.000,2.3,3.9,.584,.581,0.8,1.7,.482,2.0,3.2,5.3,1.3,0.3,1.1,1.0,2.3,5.4
49,Nemanja Bjelica\bjeline01,PF,32,TOT,33,1,15.8,2.4,5.3,.448,0.6,2.2,.270,1.8,3.0,.580,.506,1.0,1.4,.733,0.8,2.7,3.5,1.8,0.3,0.1,0.9,1.9,6.3
49,Nemanja Bjelica\bjeline01,PF,32,SAC,26,1,16.9,2.7,5.8,.460,0.7,2.2,.293,2.0,3.5,.565,.517,1.2,1.6,.762,0.9,2.9,3.8,1.9,0.3,0.1,1.1,1.8,7.2
49,Nemanja Bjelica\bjeline01,PF,32,MIA,7,0,11.6,1.3,3.4,.375,0.4,2.3,.188,0.9,1.1,.750,.438,0.1,0.4,.333,0.1,2.0,2.1,1.3,0.3,0.3,0.4,2.0,3.1
50,Eric Bledsoe\bledser01,SG,31,NOP,53,52,30.2,4.2,10.2,.408,1.8,5.2,.352,2.3,5.0,.466,.497,1.8,2.5,.720,0.4,3.0,3.4,3.8,0.7,0.3,1.6,1.6,11.9
51,Keljin Blevins\blevike01,SF,25,POR,10,0,5.1,0.2,1.4,.143,0.0,0.5,.000,0.2,0.9,.222,.143,0.0,0.0,,0.0,0.2,0.2,0.4,0.2,0.0,0.3,0.4,0.4
52,Bogdan Bogdanović\bogdabo01,SG,28,ATL,30,13,27.3,5.0,11.1,.452,2.7,6.5,.410,2.4,4.6,.511,.572,0.9,1.0,.900,0.6,3.0,3.6,2.9,0.8,0.3,1.1,2.1,13.6
53,Bojan Bogdanović\bogdabo02,SF,31,UTA,55,55,30.4,5.0,11.9,.419,2.4,6.2,.384,2.6,5.7,.457,.519,2.9,3.3,.867,0.6,3.4,4.0,1.8,0.5,0.1,1.4,1.6,15.2
54,Bol Bol\bolbo01,PF,21,DEN,22,2,5.1,0.9,1.8,.487,0.4,0.9,.474,0.5,0.9,.500,.603,0.2,0.4,.556,0.0,0.7,0.7,0.3,0.1,0.4,0.4,0.5,2.4
55,Marques Bolden\boldema01,C,22,CLE,6,0,4.8,0.2,0.5,.333,0.0,0.0,,0.2,0.5,.333,.333,0.8,1.3,.625,0.5,0.5,1.0,0.0,0.3,0.3,0.3,0.0,1.2
56,Jordan Bone\bonejo01,PG,23,ORL,14,0,14.0,1.6,3.9,.426,0.7,2.3,.313,0.9,1.6,.591,.519,0.0,0.0,,0.3,1.4,1.7,1.3,0.1,0.0,0.2,0.8,4.0
57,Isaac Bonga\bongais01,SF,21,WAS,33,7,11.2,0.8,2.1,.382,0.4,1.2,.308,0.4,0.9,.483,.471,0.1,0.2,.500,0.5,1.3,1.8,0.6,0.3,0.2,0.5,1.6,2.0
58,Devin Booker\bookede01,SG,24,PHO,50,50,33.8,9.4,19.2,.490,2.1,5.9,.352,7.3,13.3,.550,.543,4.9,5.6,.862,0.4,3.8,4.2,4.5,0.9,0.3,3.3,2.9,25.7
59,Chris Boucher\bouchch01,C,28,TOR,55,10,23.7,4.8,9.3,.517,1.5,3.8,.383,3.3,5.5,.610,.595,2.5,3.2,.784,1.9,4.6,6.5,1.1,0.6,1.9,0.7,2.7,13.5
60,Brian Bowen\bowenbr02,SF,22,IND,5,0,2.4,0.2,0.6,.333,0.0,0.0,,0.2,0.6,.333,.333,0.2,0.2,1.000,0.0,0.4,0.4,0.0,0.0,0.0,0.0,0.2,0.6
61,Avery Bradley\bradlav01,SG,30,TOT,19,3,21.7,2.7,6.5,.415,1.3,3.7,.352,1.4,2.7,.500,.516,0.5,0.7,.769,0.3,1.8,2.1,1.6,0.6,0.1,0.8,2.3,7.2
61,Avery Bradley\bradlav01,SG,30,MIA,10,1,21.1,3.1,6.6,.470,1.6,3.8,.421,1.5,2.8,.536,.591,0.7,0.9,.778,0.2,1.6,1.8,1.4,0.7,0.1,0.9,2.6,8.5
61,Avery Bradley\bradlav01,SG,30,HOU,9,2,22.4,2.2,6.3,.351,1.0,3.7,.273,1.2,2.7,.458,.430,0.3,0.4,.750,0.3,2.1,2.4,1.8,0.4,0.1,0.8,1.9,5.8
62,Tony Bradley\bradlto01,C,23,TOT,29,8,16.1,2.9,4.4,.656,0.0,0.1,.000,2.9,4.3,.672,.656,0.7,1.0,.679,2.0,3.8,5.8,0.9,0.3,0.8,0.7,1.6,6.4
62,Tony Bradley\bradlto01,C,23,PHI,20,8,14.4,2.6,3.8,.680,0.0,0.1,.000,2.6,3.7,.689,.680,0.4,0.6,.636,2.0,3.3,5.2,0.9,0.3,0.7,0.3,1.4,5.5
62,Tony Bradley\bradlto01,C,23,OKC,9,0,19.9,3.7,5.9,.623,0.0,0.2,.000,3.7,5.7,.647,.623,1.3,1.9,.706,2.2,5.0,7.2,1.1,0.3,1.0,1.4,1.9,8.7
63,Jarrell Brantley\brantja01,PF,24,UTA,18,0,4.4,0.8,1.7,.500,0.4,1.0,.389,0.4,0.7,.667,.617,0.1,0.1,1.000,0.3,0.7,1.1,0.3,0.2,0.1,0.1,0.7,2.2
64,Ignas Brazdeikis\brazdig01,SF,22,TOT,5,0,3.0,0.0,0.8,.000,0.0,0.2,.000,0.0,0.6,.000,.000,0.4,0.4,1.000,0.2,0.6,0.8,0.2,0.0,0.0,0.2,0.0,0.4
64,Ignas Brazdeikis\brazdig01,SF,22,NYK,4,0,1.8,0.0,0.3,.000,0.0,0.0,,0.0,0.3,.000,.000,0.5,0.5,1.000,0.3,0.3,0.5,0.3,0.0,0.0,0.3,0.0,0.5
64,Ignas Brazdeikis\brazdig01,SF,22,PHI,1,0,8.0,0.0,3.0,.000,0.0,1.0,.000,0.0,2.0,.000,.000,0.0,0.0,,0.0,2.0,2.0,0.0,0.0,0.0,0.0,0.0,0.0
65,Mikal Bridges\bridgmi01,SF,24,PHO,54,54,32.0,4.8,9.3,.522,1.7,4.2,.405,3.1,5.1,.619,.614,1.5,1.9,.822,1.1,3.4,4.6,2.2,0.9,0.9,0.8,1.6,12.9
66,Miles Bridges\bridgmi02,PF,22,CHO,53,7,27.6,4.0,7.9,.502,1.4,3.7,.381,2.6,4.3,.606,.590,1.3,1.5,.875,1.3,4.5,5.8,2.0,0.6,0.7,1.6,2.1,10.7
67,Oshae Brissett\brissos01,SF,22,IND,3,0,2.0,0.3,0.7,.500,0.0,0.3,.000,0.3,0.3,1.000,.500,0.0,0.0,,0.0,0.7,0.7,0.0,0.3,0.0,0.0,0.0,0.7
68,Malcolm Brogdon\brogdma01,PG,28,IND,47,47,35.2,8.1,17.5,.460,2.7,6.7,.400,5.4,10.8,.497,.536,2.5,2.9,.861,0.9,3.9,4.8,5.9,1.0,0.2,2.1,2.0,21.3
69,Armoni Brooks\brookar01,SG,22,HOU,2,0,8.5,2.5,4.0,.625,2.0,3.5,.571,0.5,0.5,1.000,.875,0.0,0.0,,0.0,1.0,1.0,0.0,0.0,0.0,0.5,0.0,7.0
70,Dillon Brooks\brookdi01,SF,25,MEM,49,49,29.5,6.2,15.1,.410,1.9,5.6,.342,4.3,9.5,.450,.473,2.2,2.6,.828,0.8,2.1,2.9,2.4,1.2,0.4,1.8,3.4,16.4
71,Bruce Brown\brownbr01,PG,24,BRK,50,31,22.0,3.4,6.4,.534,0.2,0.9,.244,3.2,5.5,.581,.551,1.3,1.7,.750,1.6,3.2,4.9,1.6,0.9,0.4,0.9,2.2,8.4
72,Jaylen Brown\brownja02,SG,24,BOS,51,51,34.2,9.1,18.8,.486,2.7,6.9,.397,6.4,11.9,.537,.558,3.3,4.3,.751,1.2,4.5,5.7,3.5,1.2,0.6,2.7,2.9,24.3
73,Moses Brown\brownmo01,C,21,OKC,25,14,20.6,3.3,5.9,.554,0.0,0.0,,3.3,5.9,.554,.554,2.1,3.4,.616,3.2,5.4,8.6,0.2,0.6,1.1,0.9,2.0,8.7
74,Sterling Brown\brownst02,SG,25,HOU,51,14,24.1,2.9,6.6,.448,1.8,4.2,.423,1.2,2.4,.492,.584,0.5,0.6,.806,0.7,3.6,4.4,1.4,0.7,0.2,0.8,1.9,8.2
75,Troy Brown Jr.\browntr01,SF,21,TOT,30,0,15.1,1.7,4.3,.400,0.7,2.2,.318,1.0,2.1,.484,.481,0.5,0.7,.700,0.6,2.5,3.1,0.9,0.3,0.2,0.6,1.5,4.6
75,Troy Brown Jr.\browntr01,SF,21,WAS,21,0,13.7,1.6,4.2,.371,0.7,2.2,.304,0.9,2.0,.442,.449,0.5,0.7,.667,0.5,2.4,2.9,0.9,0.1,0.2,0.8,1.4,4.3
75,Troy Brown Jr.\browntr01,SF,21,CHI,9,0,18.4,2.1,4.6,.463,0.8,2.2,.350,1.3,2.3,.571,.549,0.4,0.6,.800,0.8,2.9,3.7,1.0,0.6,0.2,0.3,1.8,5.4
76,Jalen Brunson\brunsja01,PG,24,DAL,49,11,25.6,4.8,9.2,.523,1.2,3.1,.392,3.6,6.1,.591,.590,2.0,2.5,.789,0.4,3.2,3.6,3.3,0.5,0.0,1.3,1.7,12.8
77,Thomas Bryant\bryanth01,C,23,WAS,10,10,27.1,5.9,9.1,.648,0.9,2.1,.429,5.0,7.0,.714,.698,1.6,2.4,.667,1.8,4.3,6.1,1.5,0.4,0.8,1.1,3.1,14.3
78,Reggie Bullock\bullore01,SF,29,NYK,48,47,27.7,3.4,8.1,.424,2.2,5.6,.394,1.2,2.5,.492,.560,0.6,0.7,.886,0.2,3.1,3.3,1.4,0.8,0.2,0.7,2.2,9.7
79,Trey Burke\burketr01,PG,28,DAL,49,0,14.3,2.4,5.4,.444,1.0,2.7,.362,1.4,2.8,.522,.532,0.7,0.8,.850,0.1,0.8,0.9,1.3,0.6,0.1,0.5,1.0,6.5
80,Alec Burks\burksal01,SG,29,NYK,43,5,25.9,4.1,10.0,.410,2.0,4.9,.403,2.1,5.1,.416,.508,2.2,2.5,.861,0.4,4.0,4.4,2.2,0.7,0.3,1.0,2.1,12.4
81,Jimmy Butler\butleji01,SF,31,MIA,39,39,33.8,7.1,14.4,.494,0.5,2.1,.238,6.6,12.4,.536,.511,6.7,7.8,.853,1.9,5.3,7.2,7.2,2.1,0.4,2.2,1.4,21.4
82,Bruno Caboclo\cabocbr01,PF,25,HOU,6,0,6.0,1.3,2.8,.471,0.0,0.8,.000,1.3,2.0,.667,.471,0.2,0.3,.500,0.5,1.8,2.3,0.2,0.0,0.3,0.7,1.0,2.8
83,Devontae Cacok\cacokde01,PF,24,LAL,15,1,5.1,1.1,1.7,.640,0.0,0.0,,1.1,1.7,.640,.640,0.2,0.5,.429,0.7,1.2,1.9,0.1,0.3,0.3,0.3,0.5,2.3
84,Kentavious Caldwell-Pope\caldwke01,SG,27,LAL,51,51,27.1,3.1,7.2,.429,1.6,4.0,.416,1.4,3.2,.445,.544,1.2,1.5,.851,0.5,2.2,2.7,1.6,0.7,0.3,1.1,1.6,9.0
85,Facundo Campazzo\campafa01,PG,29,DEN,48,4,18.7,1.6,4.1,.385,1.1,2.8,.378,0.5,1.3,.400,.515,0.9,1.0,.837,0.3,1.3,1.5,2.8,1.0,0.2,1.0,2.0,5.0
86,Vlatko Čančar\cancavl01,PF,23,DEN,28,0,5.6,0.5,1.3,.417,0.2,0.7,.263,0.4,0.6,.588,.486,0.2,0.2,.833,0.2,0.9,1.0,0.3,0.3,0.1,0.4,0.5,1.4
87,Devin Cannady\cannade01,PG,24,ORL,3,0,4.3,1.0,2.3,.429,0.7,1.7,.400,0.3,0.7,.500,.571,2.0,2.3,.857,0.0,0.0,0.0,0.0,0.3,0.3,0.0,0.7,4.7
88,Clint Capela\capelca01,C,26,ATL,48,48,30.1,6.6,11.0,.600,0.0,0.0,,6.6,11.0,.600,.600,2.1,3.6,.593,4.7,9.6,14.2,0.9,0.7,2.2,1.3,2.3,15.4
89,Vernon Carey Jr.\careyve01,C,19,CHO,10,0,3.3,0.3,0.8,.375,0.0,0.4,.000,0.3,0.4,.750,.375,0.2,0.3,.667,0.2,0.8,1.0,0.1,0.0,0.2,0.3,0.2,0.8
90,Jevon Carter\carteje01,PG,25,PHO,42,0,10.7,1.2,3.2,.391,0.8,2.2,.351,0.5,0.9,.487,.515,0.0,0.0,1.000,0.2,1.2,1.5,1.2,0.4,0.2,0.2,1.0,3.3
91,Wendell Carter Jr.\cartewe01,C,21,TOT,41,31,25.3,4.3,8.2,.522,0.2,0.9,.286,4.0,7.4,.550,.537,2.6,3.5,.743,2.3,5.6,7.9,2.1,0.7,0.8,1.6,2.8,11.4
91,Wendell Carter Jr.\cartewe01,C,21,CHI,32,25,24.8,4.0,7.9,.512,0.3,0.7,.364,3.8,7.2,.526,.528,2.6,3.5,.739,2.2,5.6,7.8,2.2,0.6,0.8,1.5,3.0,10.9
91,Wendell Carter Jr.\cartewe01,C,21,ORL,9,6,27.1,5.2,9.4,.553,0.2,1.4,.154,5.0,8.0,.625,.565,2.8,3.7,.758,2.9,5.4,8.3,1.9,1.0,1.1,1.7,2.2,13.4
92,Michael Carter-Williams\cartemi01,SG,29,ORL,30,24,25.8,3.3,8.6,.384,0.5,1.9,.241,2.8,6.7,.425,.411,1.6,2.5,.618,1.3,3.1,4.4,4.2,0.8,0.5,2.2,2.7,8.6
93,Alex Caruso\carusal01,PG,26,LAL,45,0,20.5,2.1,4.9,.429,1.0,2.3,.423,1.1,2.6,.435,.530,0.8,1.2,.655,0.5,2.5,3.0,2.6,1.2,0.2,1.2,1.8,6.0
94,Willie Cauley-Stein\caulewi01,C,27,DAL,36,11,16.9,2.2,3.6,.617,0.0,0.2,.125,2.2,3.3,.650,.621,0.9,1.4,.660,1.1,3.1,4.2,0.7,0.3,0.8,0.5,2.3,5.3
95,Chris Chiozza\chiozch01,PG,25,BRK,22,1,10.5,1.4,4.0,.352,0.6,1.9,.310,0.8,2.1,.391,.426,0.6,0.8,.765,0.1,1.0,1.1,3.0,0.3,0.3,0.7,0.9,4.0
96,Marquese Chriss\chrisma01,PF,23,GSW,2,0,13.5,2.5,7.0,.357,0.5,2.5,.200,2.0,4.5,.444,.393,1.0,2.0,.500,1.5,5.0,6.5,1.0,0.0,1.0,1.0,1.5,6.5
97,Gary Clark\clarkga01,SF,26,TOT,37,11,17.3,1.1,3.5,.305,0.8,2.9,.287,0.2,0.6,.391,.424,0.2,0.3,.800,0.9,2.2,3.1,0.8,0.3,0.2,0.5,0.9,3.2
97,Gary Clark\clarkga01,SF,26,ORL,35,11,18.2,1.1,3.7,.305,0.9,3.1,.287,0.3,0.7,.391,.424,0.2,0.3,.800,0.9,2.3,3.2,0.9,0.3,0.2,0.5,1.0,3.4
97,Gary Clark\clarkga01,SF,26,DEN,2,0,2.0,0.0,0.0,,0.0,0.0,,0.0,0.0,,,0.0,0.0,,0.0,0.5,0.5,0.0,0.0,0.0,0.0,0.0,0.0
98,Brandon Clarke\clarkbr01,PF,24,MEM,44,16,25.4,4.8,9.2,.517,0.4,1.4,.306,4.3,7.8,.556,.541,1.4,2.1,.667,1.6,4.0,5.6,1.7,1.0,0.8,0.6,1.5,11.3
99,Jordan Clarkson\clarkjo01,SG,28,UTA,51,0,25.4,6.2,14.8,.422,3.0,8.6,.349,3.2,6.1,.524,.524,1.7,1.7,.955,0.8,3.2,3.9,2.2,0.9,0.2,1.7,1.5,17.2
100,Nicolas Claxton\claxtni01,C,21,BRK,22,1,17.9,3.0,5.1,.593,0.0,0.2,.250,3.0,5.0,.606,.597,1.0,2.0,.500,1.4,3.4,4.8,1.0,0.6,1.3,0.5,2.0,7.1
101,Amir Coffey\coffeam01,SG,23,LAC,37,0,7.5,1.0,2.0,.480,0.5,1.2,.444,0.4,0.8,.533,.613,0.3,0.5,.579,0.2,0.6,0.8,0.4,0.2,0.0,0.3,0.4,2.8
102,John Collins\collijo01,PF,23,ATL,47,47,30.3,7.1,13.0,.545,1.3,3.4,.380,5.8,9.6,.603,.594,2.7,3.3,.838,2.1,5.7,7.8,1.4,0.5,1.0,1.2,3.2,18.2
103,Mike Conley\conlemi01,PG,33,UTA,44,44,29.8,5.7,12.7,.451,2.8,6.7,.416,2.9,5.9,.490,.561,2.3,2.7,.857,0.8,2.7,3.4,5.6,1.3,0.2,1.9,2.0,16.5
104,Pat Connaughton\connapa01,SG,28,MIL,50,3,23.0,2.4,5.4,.445,1.4,3.6,.387,1.0,1.8,.560,.574,0.5,0.7,.735,1.0,3.8,4.8,1.3,0.7,0.4,0.5,1.5,6.7
105,Quinn Cook\cookqu01,PG,27,TOT,23,0,6.8,1.3,3.0,.426,0.5,1.1,.423,0.8,1.8,.429,.507,0.3,0.3,.875,0.1,0.7,0.7,0.8,0.2,0.0,0.3,0.4,3.3
105,Quinn Cook\cookqu01,PG,27,LAL,16,0,3.9,0.8,1.6,.462,0.3,0.8,.385,0.4,0.8,.538,.558,0.3,0.3,.800,0.0,0.3,0.3,0.3,0.1,0.1,0.2,0.1,2.1
105,Quinn Cook\cookqu01,PG,27,CLE,7,0,13.6,2.4,6.0,.405,0.9,1.9,.462,1.6,4.1,.379,.476,0.4,0.4,1.000,0.3,1.4,1.7,1.9,0.4,0.0,0.6,1.1,6.1
106,Tyler Cook\cookty01,SF-PF,23,TOT,16,0,10.3,1.3,2.1,.606,0.0,0.0,,1.3,2.1,.606,.606,0.4,0.8,.500,0.7,1.4,2.1,0.5,0.3,0.0,0.6,1.1,2.9
106,Tyler Cook\cookty01,PF,23,BRK,4,0,4.3,0.3,0.8,.333,0.0,0.0,,0.3,0.8,.333,.333,0.0,0.0,,0.3,0.3,0.5,0.5,0.0,0.0,0.3,0.5,0.5
106,Tyler Cook\cookty01,SF,23,DET,12,0,12.3,1.6,2.5,.633,0.0,0.0,,1.6,2.5,.633,.633,0.5,1.0,.500,0.8,1.8,2.6,0.5,0.3,0.0,0.7,1.3,3.7
107,DeMarcus Cousins\couside01,C,30,TOT,27,11,19.2,3.1,8.0,.384,1.5,4.3,.342,1.6,3.7,.434,.477,1.7,2.3,.714,1.2,6.1,7.3,2.3,0.8,0.7,1.6,2.9,9.3
107,DeMarcus Cousins\couside01,C,30,HOU,25,11,20.2,3.2,8.4,.376,1.6,4.6,.336,1.6,3.8,.426,.469,1.8,2.4,.746,1.2,6.4,7.6,2.4,0.8,0.7,1.6,3.0,9.6
107,DeMarcus Cousins\couside01,C,30,LAC,2,0,6.5,2.0,3.0,.667,0.5,0.5,1.000,1.5,2.5,.600,.750,0.5,2.0,.250,1.0,2.0,3.0,1.0,0.5,0.0,2.0,2.0,5.0
108,Robert Covington\covinro01,PF,30,POR,52,52,32.2,3.2,7.6,.413,2.1,5.4,.384,1.1,2.3,.483,.548,0.7,0.9,.809,0.8,5.8,6.6,1.7,1.6,1.3,1.1,2.8,9.1
109,Torrey Craig\craigto01,SF,30,TOT,32,0,13.3,1.7,3.5,.477,0.6,1.6,.392,1.0,1.9,.550,.568,0.2,0.3,.600,0.8,2.3,3.2,0.9,0.6,0.4,0.4,1.5,4.1
109,Torrey Craig\craigto01,SF,30,MIL,18,0,11.2,1.0,2.6,.391,0.4,1.2,.364,0.6,1.3,.417,.478,0.1,0.1,.500,0.7,1.7,2.4,0.9,0.5,0.4,0.3,1.3,2.5
109,Torrey Craig\craigto01,SF,30,PHO,14,0,15.9,2.5,4.6,.538,0.9,2.1,.414,1.6,2.6,.639,.631,0.4,0.6,.625,1.0,3.1,4.1,0.9,0.8,0.4,0.5,1.7,6.2
110,Jae Crowder\crowdja01,PF,30,PHO,51,36,27.8,3.4,8.2,.410,2.5,6.3,.389,0.9,1.9,.475,.558,1.0,1.3,.785,0.5,4.4,4.9,2.1,0.8,0.4,0.9,1.9,10.2
111,Jarrett Culver\culveja01,SG,21,MIN,32,7,15.3,2.1,5.2,.412,0.4,1.6,.255,1.7,3.6,.482,.452,0.9,1.5,.604,1.1,2.2,3.3,0.7,0.5,0.3,0.9,1.8,5.6
112,Seth Curry\curryse01,SG,30,PHI,43,43,29.0,4.4,9.9,.446,2.0,4.8,.411,2.4,5.1,.479,.546,1.4,1.5,.894,0.2,2.0,2.1,2.9,0.8,0.2,1.3,1.7,12.2
113,Stephen Curry\curryst01,PG,32,GSW,46,46,34.0,10.0,20.6,.485,4.9,11.7,.416,5.1,8.9,.576,.604,5.6,6.0,.924,0.5,5.0,5.5,5.9,1.3,0.1,3.2,1.8,30.4
114,Nate Darling\darlina01,SG,22,CHO,6,0,4.0,0.3,1.2,.286,0.3,1.2,.286,0.0,0.0,,.429,0.5,0.5,1.000,0.2,0.0,0.2,0.2,0.0,0.2,0.2,0.2,1.5
115,Anthony Davis\davisan02,PF,27,LAL,23,23,32.8,8.9,16.7,.533,0.7,2.5,.293,8.1,14.1,.575,.555,4.0,5.7,.715,2.0,6.3,8.4,3.0,1.3,1.8,2.0,1.8,22.5
116,Ed Davis\davised01,C,31,MIN,20,7,13.8,0.9,2.2,.419,0.0,0.0,,0.9,2.2,.419,.419,0.5,0.5,.900,2.3,3.1,5.4,1.0,0.6,0.6,0.3,2.5,2.3
117,Terence Davis\daviste02,SG,23,TOT,43,4,15.3,2.6,6.4,.404,1.3,3.9,.345,1.3,2.5,.495,.509,0.5,0.6,.815,0.3,1.7,2.0,1.1,0.6,0.2,0.9,1.4,7.1
117,Terence Davis\daviste02,SG,23,TOR,34,4,14.5,2.6,6.2,.414,1.3,3.6,.361,1.3,2.6,.489,.519,0.5,0.5,.889,0.3,1.7,1.9,1.1,0.5,0.2,0.9,1.4,6.9
117,Terence Davis\daviste02,SG,23,SAC,9,0,18.6,2.8,7.4,.373,1.6,5.1,.304,1.2,2.3,.524,.478,0.7,1.0,.667,0.3,2.0,2.3,1.2,0.9,0.3,1.1,1.4,7.8
118,Matthew Dellavedova\dellama01,PG,30,CLE,6,1,20.2,1.3,5.3,.250,0.3,2.3,.143,1.0,3.0,.333,.281,0.3,0.3,1.000,0.8,1.7,2.5,5.3,0.3,0.0,0.7,1.3,3.3
119,DeMar DeRozan\derozde01,PF,31,SAS,45,45,33.8,7.3,14.7,.496,0.4,1.4,.286,6.9,13.3,.518,.510,6.1,7.0,.882,0.7,3.6,4.3,7.1,0.9,0.2,1.9,2.0,21.2
120,Mamadi Diakite\diakima01,PF,24,MIL,9,0,9.4,1.1,2.7,.417,0.1,0.7,.167,1.0,2.0,.500,.438,0.7,0.7,1.000,0.7,2.0,2.7,0.6,0.2,0.4,0.2,1.0,3.0
121,Hamidou Diallo\diallha01,SG-SF,22,TOT,41,5,23.2,4.3,8.9,.486,0.5,1.4,.339,3.9,7.6,.513,.512,2.5,3.8,.654,1.1,3.9,5.0,2.2,0.9,0.4,1.5,2.5,11.6
121,Hamidou Diallo\diallha01,SG,22,OKC,32,5,23.8,4.5,9.3,.481,0.4,1.3,.293,4.1,8.0,.512,.502,2.6,4.1,.629,1.2,4.0,5.2,2.4,1.0,0.4,1.5,2.6,11.9
121,Hamidou Diallo\diallha01,SF,22,DET,9,0,21.1,3.9,7.7,.507,0.8,1.7,.467,3.1,6.0,.519,.558,2.1,2.7,.792,1.1,3.3,4.4,1.3,0.7,0.6,1.2,2.3,10.7
122,Gorgui Dieng\dienggo01,C,31,TOT,25,1,15.8,2.3,4.6,.504,1.0,2.1,.462,1.4,2.5,.540,.609,1.7,2.0,.857,1.1,2.9,4.0,1.2,0.8,0.6,1.0,1.7,7.3
122,Gorgui Dieng\dienggo01,C,31,MEM,22,1,16.9,2.5,4.9,.519,1.0,2.2,.479,1.5,2.7,.550,.625,1.7,2.0,.884,1.3,3.2,4.5,1.3,0.8,0.6,1.0,1.7,7.9
122,Gorgui Dieng\dienggo01,C,31,SAS,3,0,8.0,0.7,2.3,.286,0.3,1.3,.250,0.3,1.0,.333,.357,1.3,2.0,.667,0.0,0.7,0.7,0.0,0.7,0.0,0.7,1.7,3.0
123,Spencer Dinwiddie\dinwisp01,SG,27,BRK,3,3,21.3,2.0,5.3,.375,0.7,2.3,.286,1.3,3.0,.444,.438,2.0,2.0,1.000,0.0,4.3,4.3,3.0,0.7,0.3,1.7,1.3,6.7
124,Donte DiVincenzo\divindo01,SG,24,MIL,51,51,27.5,3.9,9.5,.417,2.0,5.3,.384,1.9,4.2,.458,.524,0.8,1.1,.722,1.2,4.4,5.6,3.1,1.2,0.2,1.4,1.6,10.7
125,Luka Dončić\doncilu01,PG,21,DAL,48,48,35.0,10.2,20.9,.486,3.0,8.1,.366,7.2,12.8,.562,.557,5.3,7.1,.739,0.8,7.2,8.0,8.6,1.0,0.6,4.3,2.2,28.6
126,Luguentz Dort\dortlu01,SG,21,OKC,43,43,29.5,4.6,11.7,.396,2.1,6.0,.342,2.6,5.6,.455,.485,2.0,2.7,.733,0.7,2.9,3.6,1.6,0.9,0.4,1.5,2.5,13.3
127,Damyean Dotson\dotsoda01,SG,26,CLE,35,6,18.8,2.5,6.3,.394,0.9,3.3,.278,1.6,3.0,.519,.466,0.6,0.9,.688,0.1,1.9,2.0,2.1,0.4,0.1,0.8,0.9,6.5
128,Devon Dotson\dotsode01,PG,21,CHI,3,0,5.0,0.7,1.3,.500,0.0,0.0,,0.7,1.3,.500,.500,0.0,0.0,,0.3,0.3,0.7,0.0,0.3,0.0,0.0,0.3,1.3
129,Sekou Doumbouya\doumbse01,PF,20,DET,45,2,13.1,1.4,4.2,.346,0.4,1.8,.241,1.0,2.3,.429,.399,0.6,0.8,.778,0.5,1.6,2.1,0.6,0.4,0.1,0.7,1.6,4.0
130,PJ Dozier\doziepj01,SG,24,DEN,39,0,19.9,2.5,6.1,.415,0.8,2.5,.340,1.7,3.6,.468,.485,0.9,1.5,.614,0.7,2.9,3.6,1.6,0.6,0.4,0.8,1.8,6.8
131,Goran Dragić\dragigo01,PG,34,MIA,35,10,26.6,4.7,10.8,.432,1.5,4.7,.331,3.1,6.1,.509,.504,2.1,2.6,.824,0.3,3.0,3.4,4.5,0.6,0.2,2.6,2.3,13.0
132,Andre Drummond\drumman01,C,27,TOT,30,30,27.8,6.6,14.0,.471,0.0,0.3,.000,6.6,13.7,.481,.471,2.9,4.8,.600,3.8,9.0,12.8,2.3,1.6,1.1,3.2,3.0,16.1
132,Andre Drummond\drumman01,C,27,CLE,25,25,28.9,7.2,15.2,.474,0.0,0.3,.000,7.2,14.9,.484,.474,3.1,5.2,.597,4.0,9.4,13.5,2.6,1.6,1.2,3.2,2.8,17.5
132,Andre Drummond\drumman01,C,27,LAL,5,5,22.6,3.6,8.0,.450,0.0,0.0,,3.6,8.0,.450,.450,2.0,3.2,.625,2.6,6.6,9.2,1.2,1.4,0.6,3.0,4.0,9.2
133,Jared Dudley\dudleja01,PF,35,LAL,11,0,6.9,0.2,0.6,.286,0.2,0.5,.400,0.0,0.2,.000,.429,0.0,0.0,,0.4,1.4,1.7,0.5,0.1,0.1,0.2,0.6,0.5
134,Kevin Durant\duranke01,PF,32,BRK,22,20,34.0,9.6,18.0,.535,2.5,5.7,.448,7.1,12.3,.576,.606,6.4,7.3,.876,0.4,6.7,7.1,5.2,0.6,1.3,3.9,2.0,28.2
135,Anthony Edwards\edwaran01,SG,19,MIN,55,38,31.4,6.6,16.5,.398,2.1,6.8,.312,4.5,9.7,.459,.463,2.7,3.5,.791,0.9,3.6,4.5,2.6,1.1,0.4,2.1,1.7,18.0
136,Carsen Edwards\edwarca01,SG,22,BOS,22,1,8.9,1.7,3.7,.463,0.6,2.0,.302,1.1,1.8,.641,.543,0.3,0.4,.778,0.1,0.8,0.9,0.5,0.2,0.0,0.1,1.0,4.4
137,CJ Elleby\ellebcj01,SF,20,POR,21,0,7.3,0.9,2.3,.388,0.3,1.3,.222,0.6,1.0,.591,.449,0.3,0.5,.636,0.4,0.7,1.0,0.2,0.3,0.1,0.1,1.0,2.4
138,Henry Ellenson\ellenhe01,PF,24,TOR,2,0,19.0,2.5,7.0,.357,1.0,4.5,.222,1.5,2.5,.600,.429,1.5,2.0,.750,1.5,4.5,6.0,2.5,0.0,0.0,0.0,3.5,7.5
139,Wayne Ellington\ellinwa01,SG,33,DET,39,29,22.2,3.4,7.5,.447,2.6,6.1,.424,0.8,1.5,.544,.618,0.7,0.8,.788,0.3,1.6,1.8,1.5,0.4,0.2,0.7,1.4,9.9
140,Joel Embiid\embiijo01,C,26,PHI,36,36,32.1,9.3,17.8,.520,1.1,3.0,.383,8.1,14.8,.547,.551,9.9,11.6,.852,2.1,8.9,11.0,3.1,1.1,1.5,3.1,2.5,29.6
141,James Ennis\ennisja01,SF,30,ORL,37,33,24.0,2.8,5.9,.472,1.0,2.5,.418,1.8,3.4,.512,.560,1.7,2.1,.816,1.1,2.9,4.1,1.5,0.8,0.2,0.9,2.1,8.3
142,Drew Eubanks\eubandr01,C,23,SAS,34,0,13.0,1.8,3.5,.517,0.0,0.0,1.000,1.8,3.4,.513,.521,1.1,1.6,.709,0.9,2.8,3.7,0.8,0.2,1.0,0.8,1.4,4.8
143,Dante Exum\exumda01,SG,25,CLE,6,3,19.3,1.7,4.3,.385,0.3,1.8,.182,1.3,2.5,.533,.423,0.2,0.3,.500,0.3,2.5,2.8,2.2,0.7,0.3,1.2,1.5,3.8
144,Tacko Fall\fallta01,C,25,BOS,15,0,6.7,1.2,1.6,.750,0.0,0.0,,1.2,1.6,.750,.750,0.3,0.9,.308,0.7,1.8,2.5,0.1,0.1,0.8,0.3,1.1,2.7
145,Derrick Favors\favorde01,C,29,UTA,53,0,15.5,2.3,3.8,.623,0.0,0.0,.000,2.3,3.7,.626,.623,1.0,1.4,.740,2.1,3.4,5.5,0.8,0.5,1.0,0.6,2.2,5.7
146,Cristiano Felício\feliccr01,C,28,CHI,10,0,4.5,0.3,0.4,.750,0.0,0.0,,0.3,0.4,.750,.750,0.6,1.0,.600,0.6,0.7,1.3,0.5,0.2,0.0,0.3,0.3,1.2
147,Terrance Ferguson\fergute01,SG,22,PHI,13,0,3.8,0.1,0.5,.143,0.0,0.4,.000,0.1,0.2,.500,.143,0.0,0.0,,0.0,0.1,0.1,0.2,0.1,0.0,0.3,0.5,0.2
148,Bruno Fernando\fernabr01,C,22,ATL,26,0,6.8,0.5,1.1,.429,0.0,0.1,.000,0.5,1.0,.462,.429,0.5,0.7,.667,0.5,2.0,2.5,0.3,0.1,0.1,0.7,0.8,1.4
149,Yogi Ferrell\ferreyo01,PG,27,CLE,2,0,20.0,4.0,10.5,.381,1.5,4.5,.333,2.5,6.0,.417,.452,0.0,1.0,.000,1.5,2.0,3.5,2.5,1.5,0.5,1.5,2.0,9.5
150,Dorian Finney-Smith\finnedo01,PF,27,DAL,42,42,32.0,3.3,7.5,.438,1.8,4.9,.362,1.5,2.6,.582,.557,0.6,0.7,.800,1.7,3.9,5.6,1.6,0.9,0.5,0.6,2.5,9.0
151,Malik Fitts\fittsma01,PF,23,LAC,2,0,2.0,0.0,0.5,.000,0.0,0.5,.000,0.0,0.0,,.000,0.0,0.0,,0.0,1.0,1.0,0.0,0.0,0.0,0.0,1.0,0.0
152,Malachi Flynn\flynnma01,PG,22,TOR,30,3,15.7,1.9,5.4,.360,0.8,2.6,.304,1.1,2.7,.415,.435,0.4,0.6,.706,0.1,1.7,1.8,2.3,0.7,0.2,0.8,1.1,5.1
153,Bryn Forbes\forbebr01,SG,27,MIL,52,7,19.1,3.4,7.4,.453,2.1,4.8,.449,1.2,2.7,.460,.597,0.6,0.8,.750,0.2,1.2,1.3,0.6,0.3,0.0,0.6,1.1,9.4
154,Trent Forrest\forretr01,PG,22,UTA,15,0,5.8,0.5,1.1,.438,0.0,0.2,.000,0.5,0.9,.538,.438,0.1,0.1,1.000,0.0,0.5,0.5,1.2,0.3,0.1,0.5,0.3,1.1
155,Evan Fournier\fournev01,SF-SG,28,TOT,30,26,30.1,6.2,13.6,.457,2.8,7.0,.398,3.4,6.5,.520,.560,3.4,4.2,.795,0.2,2.6,2.7,3.4,1.1,0.4,1.9,2.2,18.6
155,Evan Fournier\fournev01,SF,28,ORL,26,26,30.3,6.5,14.2,.461,2.8,7.2,.388,3.7,7.0,.536,.560,3.8,4.7,.797,0.2,2.7,2.9,3.7,1.0,0.3,2.1,2.1,19.7
155,Evan Fournier\fournev01,SG,28,BOS,4,0,28.8,4.0,9.5,.421,2.8,5.8,.478,1.3,3.8,.333,.566,0.8,1.0,.750,0.0,1.8,1.8,1.8,1.3,0.8,1.0,2.5,11.5
156,De'Aaron Fox\foxde01,PG,23,SAC,53,53,35.0,9.1,18.9,.479,1.9,5.7,.329,7.2,13.2,.543,.528,5.1,7.2,.705,0.5,2.9,3.4,7.1,1.4,0.5,3.1,3.0,25.0
157,Robert Franks\frankro01,PF,24,ORL,1,0,15.0,1.0,1.0,1.000,1.0,1.0,1.000,0.0,0.0,,1.500,1.0,2.0,.500,2.0,2.0,4.0,1.0,0.0,0.0,2.0,2.0,4.0
158,Tim Frazier\fraziti01,PG,30,MEM,3,0,11.0,0.7,2.7,.250,0.0,0.7,.000,0.7,2.0,.333,.250,0.0,0.0,,0.0,1.3,1.3,2.3,0.3,0.0,1.0,1.3,1.3
159,Markelle Fultz\fultzma01,PG,22,ORL,8,8,26.9,5.1,13.0,.394,0.5,2.0,.250,4.6,11.0,.420,.413,2.1,2.4,.895,0.6,2.5,3.1,5.4,1.0,0.3,2.3,2.3,12.9
160,Wenyen Gabriel\gabriwe01,PF,23,NOP,9,0,4.7,0.2,1.2,.182,0.1,0.6,.200,0.1,0.7,.167,.227,0.2,0.4,.500,0.8,0.8,1.6,0.6,0.1,0.0,0.8,0.2,0.8
161,Daniel Gafford\gaffoda01,PF-C,22,TOT,35,11,12.7,2.3,3.3,.702,0.0,0.0,,2.3,3.3,.702,.702,1.0,1.5,.673,1.5,2.1,3.5,0.5,0.4,1.1,0.7,1.6,5.6
161,Daniel Gafford\gaffoda01,PF,22,CHI,31,11,12.4,1.9,2.8,.690,0.0,0.0,,1.9,2.8,.690,.690,0.9,1.3,.659,1.4,1.9,3.3,0.5,0.4,1.1,0.7,1.7,4.7
161,Daniel Gafford\gaffoda01,C,22,WAS,4,0,15.8,5.0,6.8,.741,0.0,0.0,,5.0,6.8,.741,.741,2.0,2.8,.727,1.8,3.3,5.0,0.5,0.8,1.5,1.0,0.8,12.0
162,Danilo Gallinari\gallida01,PF,32,ATL,39,4,24.0,4.0,9.5,.425,2.1,5.2,.407,1.9,4.2,.448,.538,3.2,3.4,.933,0.3,3.8,4.1,1.4,0.6,0.2,1.0,2.1,13.4
163,Langston Galloway\gallola01,SG,29,PHO,34,0,11.1,1.7,3.6,.471,0.9,2.1,.451,0.7,1.5,.500,.603,0.5,0.5,1.000,0.1,0.9,1.0,0.7,0.2,0.0,0.3,0.7,4.8
164,Darius Garland\garlada01,PG,21,CLE,43,40,33.3,6.5,14.5,.448,1.9,4.6,.402,4.7,9.9,.469,.512,2.0,2.3,.851,0.5,1.9,2.4,5.9,1.2,0.1,3.0,2.2,16.9
165,Marc Gasol\gasolma01,C,36,LAL,43,41,19.5,1.7,4.0,.429,0.9,2.4,.371,0.8,1.5,.523,.544,0.8,1.0,.750,0.7,3.3,4.0,2.1,0.5,1.2,1.2,2.3,5.1
166,Rudy Gay\gayru01,PF,34,SAS,45,0,21.7,4.1,9.8,.413,1.7,4.3,.391,2.4,5.6,.430,.498,1.3,1.7,.787,0.8,4.2,5.0,1.5,0.8,0.5,1.1,1.9,11.1
167,Paul George\georgpa01,SF,30,LAC,42,42,33.6,8.2,17.2,.479,3.3,7.4,.441,5.0,9.8,.507,.573,3.6,4.0,.898,0.9,5.3,6.2,5.5,1.2,0.4,3.1,2.4,23.3
168,Taj Gibson\gibsota01,PF,35,NYK,28,1,20.3,1.9,3.3,.565,0.1,0.5,.214,1.8,2.8,.628,.582,1.1,1.5,.698,2.0,3.2,5.2,0.7,0.8,0.9,0.6,2.1,4.9
169,Harry Giles\gilesha01,C,22,POR,30,0,10.3,1.1,2.5,.427,0.2,0.5,.467,0.8,2.0,.417,.473,0.5,0.7,.682,1.0,3.0,3.9,0.8,0.2,0.3,0.6,1.7,2.9
170,Shai Gilgeous-Alexander\gilgesh01,SG,22,OKC,35,35,33.7,8.2,16.1,.508,2.0,4.9,.418,6.2,11.3,.547,.571,5.3,6.5,.808,0.5,4.2,4.7,5.9,0.8,0.7,3.0,2.0,23.7
171,Anthony Gill\gillan01,PF,28,WAS,17,1,5.4,0.4,1.2,.350,0.1,0.7,.167,0.3,0.5,.625,.400,0.2,0.3,.800,0.5,1.1,1.6,0.2,0.2,0.1,0.2,0.6,1.2
172,Freddie Gillespie\gillefr01,PF,23,TOR,3,0,13.0,1.7,2.7,.625,0.0,0.0,,1.7,2.7,.625,.625,0.0,0.0,,0.7,1.3,2.0,0.3,1.0,0.7,0.3,1.3,3.3
173,Rudy Gobert\goberru01,C,28,UTA,55,55,31.0,5.5,8.2,.667,0.0,0.1,.000,5.5,8.1,.672,.667,3.5,5.7,.617,3.4,10.0,13.4,1.3,0.5,2.8,1.6,2.3,14.4
174,Brandon Goodwin\goodwbr01,PG,25,ATL,36,3,12.3,1.7,4.5,.385,0.8,2.1,.355,1.0,2.4,.412,.469,0.6,0.8,.667,0.2,1.1,1.3,1.9,0.4,0.0,0.7,0.8,4.8
175,Aaron Gordon\gordoaa01,PF,25,TOT,34,34,29.0,5.0,10.7,.463,1.4,4.0,.363,3.5,6.8,.522,.530,2.3,3.6,.642,1.4,4.6,6.0,3.8,0.7,0.8,2.2,1.9,13.7
175,Aaron Gordon\gordoaa01,PF,25,ORL,25,25,29.4,5.1,11.7,.437,1.7,4.5,.375,3.4,7.2,.475,.509,2.6,4.2,.629,1.6,5.1,6.6,4.2,0.6,0.8,2.7,2.0,14.6
175,Aaron Gordon\gordoaa01,PF,25,DEN,9,9,27.9,4.6,8.0,.569,0.8,2.6,.304,3.8,5.4,.694,.618,1.4,2.0,.722,0.9,3.4,4.3,2.6,0.9,0.8,1.0,1.7,11.3
176,Eric Gordon\gordoer01,SG,32,HOU,27,13,29.2,5.9,13.6,.433,2.6,7.8,.329,3.3,5.8,.573,.527,3.5,4.2,.825,0.3,1.9,2.1,2.6,0.5,0.5,1.9,1.6,17.8
177,Devonte' Graham\grahade01,PG,25,CHO,43,37,29.7,4.5,11.8,.377,3.1,8.2,.374,1.4,3.6,.385,.507,2.2,2.6,.823,0.4,2.3,2.7,5.1,1.0,0.1,1.6,1.3,14.2
178,Jerami Grant\grantje01,SF,26,DET,48,48,34.4,7.4,17.3,.429,2.3,6.3,.359,5.2,11.1,.469,.494,5.4,6.3,.854,0.7,4.1,4.8,2.9,0.7,1.1,2.0,2.3,22.5
179,Danny Green\greenda02,SF,33,PHI,53,53,28.3,3.3,7.9,.421,2.6,6.3,.414,0.7,1.6,.448,.586,0.4,0.5,.724,0.8,2.9,3.7,1.7,1.3,0.9,1.1,1.8,9.7
180,Draymond Green\greendr01,PF,30,GSW,46,46,30.6,2.5,5.9,.418,0.5,2.0,.269,1.9,3.9,.494,.463,1.1,1.4,.778,0.9,5.5,6.5,8.4,1.6,0.7,2.9,3.2,6.6
181,JaMychal Green\greenja01,PF,30,DEN,41,4,18.4,2.9,6.4,.455,1.4,3.4,.397,1.6,3.0,.520,.561,0.8,1.0,.829,1.5,3.6,5.1,0.8,0.5,0.3,1.0,2.6,8.0
182,Javonte Green\greenja02,SG-PG,27,TOT,28,2,13.2,1.4,2.8,.519,0.3,0.8,.304,1.2,1.9,.611,.565,0.7,1.1,.667,0.8,1.3,2.1,0.4,0.7,0.1,0.6,1.3,3.8
182,Javonte Green\greenja02,SG,27,BOS,25,2,13.8,1.6,2.8,.549,0.3,0.9,.318,1.3,2.0,.653,.599,0.8,1.2,.667,0.8,1.3,2.1,0.4,0.7,0.1,0.5,1.3,4.2
182,Javonte Green\greenja02,PG,27,CHI,3,0,8.0,0.3,2.0,.167,0.0,0.3,.000,0.3,1.7,.200,.167,0.0,0.0,,0.7,1.3,2.0,0.3,0.7,0.7,1.0,1.0,0.7
183,Jeff Green\greenje02,C,34,BRK,50,27,26.6,3.5,7.2,.494,1.4,3.4,.415,2.1,3.7,.567,.594,1.7,2.2,.755,0.5,3.3,3.8,1.5,0.6,0.3,0.8,1.8,10.2
184,Josh Green\greenjo02,SG,20,DAL,28,5,10.1,0.9,2.1,.433,0.1,0.6,.118,0.9,1.5,.558,.450,0.3,0.5,.600,0.6,1.3,1.9,0.5,0.3,0.1,0.5,0.7,2.3
185,Blake Griffin\griffbl01,PF,31,TOT,29,21,27.5,3.6,9.3,.387,1.6,5.0,.324,2.0,4.3,.460,.474,2.0,2.8,.728,0.4,4.4,4.8,3.3,0.7,0.2,1.5,2.1,10.8
185,Blake Griffin\griffbl01,PF,31,DET,20,20,31.3,4.1,11.1,.365,2.0,6.2,.315,2.1,4.9,.429,.453,2.2,3.1,.710,0.4,4.9,5.2,3.9,0.7,0.1,1.6,2.1,12.3
185,Blake Griffin\griffbl01,PF,31,BRK,9,1,19.0,2.6,5.2,.489,0.9,2.3,.381,1.7,2.9,.577,.574,1.7,2.1,.789,0.4,3.6,4.0,2.1,0.7,0.4,1.2,2.2,7.7
186,Kyle Guy\guyky01,PG,23,SAC,22,0,6.9,1.0,2.6,.379,0.5,1.5,.313,0.5,1.2,.462,.466,0.5,0.5,.833,0.1,0.9,1.0,0.9,0.2,0.0,0.2,0.6,2.9
187,Rui Hachimura\hachiru01,PF,22,WAS,44,44,31.6,5.3,11.2,.474,0.8,2.5,.327,4.5,8.7,.516,.510,2.4,3.1,.774,0.9,5.0,5.9,1.5,0.8,0.1,1.3,2.2,13.9
188,Ashton Hagans\haganas01,PG,21,MIN,2,0,2.0,0.0,0.0,,0.0,0.0,,0.0,0.0,,,0.0,0.0,,0.0,0.0,0.0,0.0,0.0,0.0,0.5,0.0,0.0
189,Tyrese Haliburton\halibty01,PG,20,SAC,48,15,30.4,5.0,10.5,.478,2.1,5.1,.410,3.0,5.5,.542,.577,0.8,0.9,.844,0.8,2.4,3.1,5.1,1.2,0.6,1.5,1.5,13.0
190,Josh Hall\halljo01,SF,20,OKC,13,0,12.5,0.7,3.2,.214,0.2,1.4,.111,0.5,1.8,.292,.238,1.2,2.1,.556,0.1,1.8,1.9,1.4,0.0,0.0,1.2,1.5,2.7
191,R.J. Hampton\hamptrj01,PG-SG,19,TOT,34,1,13.0,1.9,4.1,.454,0.4,1.2,.310,1.5,2.9,.515,.500,0.5,0.8,.607,0.5,2.2,2.7,0.8,0.4,0.1,0.7,1.0,4.6
191,R.J. Hampton\hamptrj01,PG,19,DEN,25,0,9.3,1.0,2.4,.417,0.2,0.7,.278,0.8,1.7,.476,.458,0.4,0.5,.750,0.4,1.6,2.0,0.6,0.2,0.1,0.4,0.9,2.6
191,R.J. Hampton\hamptrj01,SG,19,ORL,9,1,23.3,4.3,9.0,.481,0.9,2.7,.333,3.4,6.3,.544,.531,0.9,1.8,.500,0.7,3.9,4.6,1.3,0.9,0.2,1.6,1.3,10.4
192,Tim Hardaway Jr.\hardati02,SG,28,DAL,52,20,28.7,5.7,12.8,.441,2.9,7.4,.392,2.8,5.4,.509,.555,1.8,2.3,.800,0.3,3.1,3.4,1.7,0.5,0.1,0.9,1.5,16.1
193,James Harden\hardeja01,PG-SG,31,TOT,42,42,37.1,8.0,17.2,.463,2.8,7.8,.358,5.2,9.4,.549,.544,6.5,7.5,.870,0.8,7.2,8.0,10.9,1.2,0.7,4.1,2.3,25.2
193,James Harden\hardeja01,SG,31,HOU,8,8,36.3,7.5,16.9,.444,3.1,9.0,.347,4.4,7.9,.556,.537,6.6,7.5,.883,0.6,4.5,5.1,10.4,0.9,0.8,4.3,1.8,24.8
193,James Harden\hardeja01,PG,31,BRK,34,34,37.3,8.1,17.3,.467,2.7,7.5,.361,5.4,9.8,.548,.545,6.5,7.5,.867,0.9,7.8,8.7,11.0,1.3,0.7,4.1,2.4,25.4
194,Maurice Harkless\harklma01,SF-PF,27,TOT,20,6,15.3,1.2,2.9,.421,0.6,1.9,.297,0.7,1.0,.650,.518,0.5,0.7,.692,0.2,1.6,1.7,0.9,0.5,0.4,0.4,1.9,3.4
194,Maurice Harkless\harklma01,SF,27,MIA,11,3,11.3,0.5,1.2,.385,0.5,1.0,.455,0.0,0.2,.000,.577,0.0,0.2,.000,0.2,1.0,1.2,0.6,0.2,0.4,0.3,1.3,1.4
194,Maurice Harkless\harklma01,PF,27,SAC,9,3,20.1,2.1,4.9,.432,0.7,2.9,.231,1.4,2.0,.722,.500,1.0,1.2,.818,0.1,2.2,2.3,1.2,0.8,0.3,0.6,2.6,5.9
195,Jared Harper\harpeja01,PG,23,NYK,4,0,2.3,0.0,0.5,.000,0.0,0.0,,0.0,0.5,.000,.000,0.5,0.5,1.000,0.0,0.0,0.0,0.0,0.0,0.0,0.5,0.0,0.5
196,Montrezl Harrell\harremo01,C,27,LAL,55,1,24.5,5.7,9.3,.621,0.0,0.2,.000,5.7,9.1,.633,.621,2.7,3.9,.708,2.4,4.2,6.6,1.1,0.7,0.8,1.1,1.9,14.2
197,Gary Harris\harriga01,SG,26,TOT,21,20,29.8,3.6,8.4,.426,1.2,3.8,.313,2.4,4.6,.521,.497,1.2,1.6,.765,0.7,1.7,2.4,1.7,0.9,0.2,0.8,1.9,9.6
197,Gary Harris\harriga01,SG,26,DEN,19,19,30.6,3.6,8.2,.442,1.3,3.9,.320,2.4,4.3,.556,.519,1.2,1.6,.733,0.7,1.8,2.5,1.7,0.9,0.2,0.7,1.9,9.7
197,Gary Harris\harriga01,SG,26,ORL,2,1,22.5,3.0,10.0,.300,0.5,2.5,.200,2.5,7.5,.333,.325,2.0,2.0,1.000,0.5,1.0,1.5,1.5,0.5,0.5,1.5,1.0,8.5
198,Jalen Harris\harrija01,SG,22,TOR,4,0,3.5,0.3,1.0,.250,0.3,0.5,.500,0.0,0.5,.000,.375,0.0,0.0,,0.3,0.5,0.8,0.5,0.3,0.0,0.3,0.5,0.8
199,Joe Harris\harrijo01,SF,29,BRK,54,50,30.8,5.2,10.2,.512,3.2,6.6,.482,2.0,3.6,.567,.668,0.7,0.9,.750,0.6,3.0,3.7,1.9,0.6,0.2,0.8,2.1,14.2
200,Tobias Harris\harrito02,PF,28,PHI,48,48,33.3,7.9,15.2,.518,1.4,3.5,.402,6.5,11.7,.553,.564,3.2,3.6,.884,1.0,6.2,7.3,3.6,0.9,0.9,1.9,2.0,20.4
201,Shaquille Harrison\harrish01,SG,27,UTA,17,0,3.3,0.4,1.2,.300,0.0,0.1,.000,0.4,1.1,.333,.300,0.3,0.4,.833,0.2,0.4,0.5,0.5,0.1,0.0,0.3,0.2,1.0
202,Josh Hart\hartjo01,SF,25,NOP,47,4,28.7,3.2,7.3,.439,1.3,4.1,.326,1.9,3.2,.583,.531,1.5,1.9,.775,1.1,6.9,8.0,2.3,0.8,0.3,1.0,2.4,9.2
203,Isaiah Hartenstein\harteis01,C,22,TOT,37,2,11.8,1.8,3.4,.544,0.1,0.1,.400,1.8,3.2,.550,.552,1.0,1.6,.623,1.5,2.5,4.0,1.1,0.4,0.8,0.8,2.3,4.8
203,Isaiah Hartenstein\harteis01,C,22,DEN,30,0,9.1,1.4,2.7,.513,0.0,0.0,,1.4,2.7,.513,.513,0.7,1.2,.611,1.3,1.5,2.8,0.5,0.4,0.7,0.7,2.0,3.5
203,Isaiah Hartenstein\harteis01,C,22,CLE,7,2,23.4,3.9,6.4,.600,0.3,0.7,.400,3.6,5.7,.625,.622,2.3,3.6,.640,2.0,6.9,8.9,3.4,0.4,1.6,1.3,3.6,10.3
204,Jaxson Hayes\hayesja02,C,20,NOP,42,3,14.8,2.5,3.8,.658,0.1,0.1,.500,2.5,3.7,.665,.668,1.2,1.6,.750,1.2,2.6,3.8,0.6,0.4,0.5,0.7,1.8,6.3
205,Killian Hayes\hayeski01,PG,19,DET,11,7,20.9,2.0,6.3,.319,0.6,2.5,.259,1.4,3.8,.357,.370,0.3,0.4,.750,0.2,1.8,2.0,3.5,0.6,0.4,2.5,1.8,4.9
206,Gordon Hayward\haywago01,SF,30,CHO,44,44,34.0,7.1,15.0,.473,1.9,4.7,.415,5.1,10.3,.499,.537,3.5,4.2,.843,0.8,5.0,5.9,4.1,1.2,0.3,2.1,1.7,19.6
207,Juan Hernangómez\hernaju01,PF,25,MIN,36,6,16.2,2.2,5.1,.422,0.9,2.8,.313,1.3,2.4,.547,.505,1.1,1.7,.667,0.9,3.1,4.1,0.6,0.4,0.1,0.4,0.9,6.3
208,Willy Hernangómez\hernawi01,C,26,NOP,32,2,15.6,2.7,4.9,.544,0.0,0.3,.125,2.7,4.7,.567,.547,0.9,1.5,.604,2.3,3.9,6.3,0.9,0.3,0.5,0.5,1.0,6.3
209,Tyler Herro\herroty01,SG,21,MIA,43,14,31.5,5.8,13.3,.432,1.9,5.6,.338,3.9,7.8,.500,.503,2.0,2.5,.811,0.5,4.5,5.0,3.3,0.7,0.4,2.0,1.3,15.4
210,Buddy Hield\hieldbu01,SG,28,SAC,53,53,34.5,5.7,14.3,.396,4.0,10.5,.382,1.6,3.8,.437,.537,1.2,1.4,.842,0.4,4.2,4.5,3.2,0.8,0.3,1.7,2.6,16.5
211,George Hill\hillge01,PG,34,OKC,14,14,26.4,4.4,8.6,.508,1.6,4.1,.386,2.8,4.5,.619,.600,1.5,1.8,.840,0.6,1.5,2.1,3.1,0.9,0.1,0.9,0.9,11.8
212,Solomon Hill\hillso01,PF,29,ATL,54,9,20.2,1.5,4.2,.366,1.0,3.1,.321,0.5,1.1,.492,.485,0.4,0.6,.767,0.6,2.0,2.6,1.0,0.7,0.2,0.6,1.6,4.5
213,Nate Hinton\hintona01,SG,21,DAL,14,0,3.4,0.6,1.4,.400,0.1,0.4,.167,0.5,1.0,.500,.425,0.3,0.4,.667,0.1,0.3,0.4,0.3,0.3,0.1,0.3,0.2,1.5
214,Jaylen Hoard\hoardja01,SF,21,OKC,5,0,21.2,3.0,6.2,.484,0.0,0.8,.000,3.0,5.4,.556,.484,2.6,3.0,.867,1.2,1.8,3.0,0.8,0.4,0.2,1.4,1.4,8.6
215,Aaron Holiday\holidaa01,PG,24,IND,51,6,17.6,2.7,6.8,.399,1.1,2.9,.376,1.6,3.9,.416,.480,0.8,1.1,.768,0.2,1.1,1.2,1.7,0.6,0.2,0.9,1.6,7.4
216,Jrue Holiday\holidjr01,PG,30,MIL,41,38,31.7,6.8,13.4,.506,1.9,4.8,.400,4.9,8.6,.565,.577,1.6,2.0,.827,1.3,3.3,4.6,5.4,1.7,0.5,2.1,1.7,17.1
217,Justin Holiday\holidju01,SG,31,IND,53,44,31.3,3.7,8.9,.419,2.5,6.5,.383,1.3,2.5,.511,.557,1.0,1.2,.800,0.5,3.2,3.7,1.7,1.2,0.4,0.8,2.0,10.9
218,Rondae Hollis-Jefferson\holliro01,PF,26,POR,2,0,6.0,0.5,1.0,.500,0.0,0.5,.000,0.5,0.5,1.000,.500,1.0,2.0,.500,0.0,0.5,0.5,1.5,0.5,0.0,0.5,2.5,2.0
219,Richaun Holmes\holmeri01,C,27,SAC,50,50,30.0,5.9,9.3,.641,0.0,0.2,.200,5.9,9.1,.651,.644,2.2,2.8,.797,2.6,6.4,8.9,1.7,0.7,1.6,1.2,3.6,14.1
220,Rodney Hood\hoodro01,SF,28,TOT,45,5,18.8,1.9,5.2,.364,0.7,2.3,.305,1.2,2.9,.412,.432,0.3,0.4,.789,0.4,1.5,2.0,1.1,0.5,0.1,0.8,1.5,4.9
220,Rodney Hood\hoodro01,SF,28,POR,38,5,19.1,1.9,5.3,.363,0.7,2.2,.298,1.3,3.1,.410,.425,0.2,0.3,.750,0.5,1.4,1.9,1.2,0.5,0.1,0.8,1.6,4.7
220,Rodney Hood\hoodro01,SF,28,TOR,7,0,16.9,1.9,5.0,.371,1.0,3.0,.333,0.9,2.0,.429,.471,0.9,1.0,.857,0.3,1.9,2.1,0.3,0.1,0.3,0.6,1.4,5.6
221,Al Horford\horfoal01,C,34,OKC,28,28,27.9,5.8,12.9,.450,2.0,5.4,.368,3.8,7.4,.510,.528,0.6,0.8,.818,1.0,5.7,6.7,3.4,0.9,0.9,1.0,1.7,14.2
222,Talen Horton-Tucker\hortota01,SG,20,LAL,50,3,19.5,3.3,7.5,.437,0.6,2.1,.269,2.7,5.4,.502,.475,1.4,1.7,.810,0.4,2.3,2.7,2.5,0.9,0.4,1.5,2.0,8.5
223,Danuel House\houseda01,SF,27,HOU,31,21,27.2,3.2,7.9,.406,1.6,4.5,.360,1.6,3.4,.467,.508,1.3,1.9,.661,0.6,3.3,3.9,1.9,0.6,0.5,1.0,2.0,9.3
224,Dwight Howard\howardw01,C,35,PHI,54,5,17.4,2.5,4.3,.583,0.1,0.3,.250,2.4,4.0,.607,.591,1.8,3.0,.579,2.6,5.6,8.3,0.7,0.4,0.9,1.8,3.0,6.8
225,Markus Howard\howarma02,SG,21,DEN,25,0,3.3,0.4,1.7,.233,0.2,1.2,.167,0.2,0.5,.385,.291,0.0,0.1,.500,0.0,0.3,0.3,0.4,0.1,0.0,0.2,0.5,1.0
226,Kevin Huerter\huertke01,SG,22,ATL,55,40,30.8,4.5,10.6,.423,2.0,5.6,.362,2.4,4.9,.493,.520,0.8,0.9,.827,0.6,2.7,3.2,3.5,1.1,0.2,1.2,2.4,11.8
227,Elijah Hughes\hugheel01,SF,22,UTA,11,0,3.5,0.7,1.7,.421,0.5,1.3,.429,0.2,0.5,.400,.579,0.3,0.4,.750,0.0,0.6,0.6,0.4,0.1,0.1,0.5,0.0,2.3
228,De'Andre Hunter\huntede01,SF,23,ATL,20,18,31.3,5.6,11.2,.502,1.6,4.4,.356,4.1,6.8,.596,.572,3.3,3.8,.867,0.8,4.3,5.1,2.1,0.9,0.5,1.4,2.7,16.0
229,Chandler Hutchison\hutchch01,SF,24,TOT,13,0,13.5,1.4,4.2,.333,0.2,1.0,.231,1.2,3.2,.366,.361,0.7,0.8,.818,0.3,3.0,3.3,0.7,0.3,0.0,1.1,1.3,3.7
229,Chandler Hutchison\hutchch01,SF,24,CHI,7,0,9.1,0.7,2.6,.278,0.1,0.4,.333,0.6,2.1,.267,.306,0.3,0.3,1.000,0.1,2.7,2.9,0.6,0.1,0.0,0.7,1.3,1.9
229,Chandler Hutchison\hutchch01,SF,24,WAS,6,0,18.7,2.2,6.0,.361,0.3,1.7,.200,1.8,4.3,.423,.389,1.2,1.5,.778,0.5,3.3,3.8,0.8,0.5,0.0,1.5,1.3,5.8
230,Serge Ibaka\ibakase01,C,31,LAC,39,39,23.6,4.5,8.9,.507,1.0,2.8,.352,3.5,6.1,.577,.562,0.9,1.2,.822,1.7,4.9,6.7,1.7,0.2,1.2,1.1,1.9,10.9
231,Andre Iguodala\iguodan01,SF,37,MIA,49,2,21.3,1.5,4.0,.371,1.0,3.1,.325,0.5,0.9,.522,.495,0.4,0.7,.636,0.6,3.1,3.7,2.0,1.0,0.5,1.0,1.3,4.4
232,Ersan İlyasova\ilyaser01,PF,33,UTA,7,0,6.3,0.6,2.1,.267,0.4,1.9,.231,0.1,0.3,.500,.367,0.4,0.4,1.000,0.4,0.9,1.3,0.3,0.3,0.0,0.3,1.1,2.0
233,Joe Ingles\inglejo01,SF,33,UTA,50,14,26.8,4.1,7.8,.521,2.7,5.5,.487,1.4,2.3,.602,.694,1.1,1.3,.864,0.4,3.2,3.6,4.2,0.7,0.2,1.6,1.8,12.0
234,Brandon Ingram\ingrabr01,SF,23,NOP,49,49,34.4,8.5,18.0,.471,2.4,6.3,.383,6.1,11.7,.518,.538,4.6,5.3,.880,0.6,4.4,5.0,4.8,0.7,0.7,2.5,2.0,24.0
235,Kyrie Irving\irvinky01,PG,28,BRK,38,38,35.2,10.6,20.7,.514,2.8,7.0,.398,7.8,13.7,.573,.581,3.6,3.9,.907,1.1,3.7,4.8,6.0,1.2,0.6,2.2,2.8,27.6
236,Wesley Iwundu\iwundwe01,SF,26,TOT,30,4,14.1,0.9,2.6,.354,0.2,1.2,.143,0.8,1.5,.523,.386,0.8,0.9,.852,0.3,1.9,2.3,0.5,0.4,0.1,0.5,1.3,2.8
236,Wesley Iwundu\iwundwe01,SF,26,DAL,23,3,12.5,0.7,2.3,.327,0.1,1.0,.130,0.6,1.3,.483,.356,0.5,0.6,.857,0.3,1.7,1.9,0.4,0.4,0.1,0.3,1.1,2.1
236,Wesley Iwundu\iwundwe01,SF,26,NOP,7,1,19.1,1.6,3.9,.407,0.3,1.7,.167,1.3,2.1,.600,.444,1.6,1.9,.846,0.6,2.9,3.4,0.6,0.6,0.1,1.4,1.9,5.0
237,Frank Jackson\jacksfr01,PG,22,DET,25,4,14.7,2.5,5.5,.449,1.2,3.0,.419,1.2,2.6,.484,.562,1.3,1.5,.865,0.4,1.4,1.7,0.7,0.3,0.0,0.8,1.0,7.5
238,Josh Jackson\jacksjo02,SG,23,DET,49,14,24.6,4.8,11.2,.426,1.3,4.1,.312,3.5,7.1,.491,.483,2.3,3.2,.716,0.9,3.1,4.1,2.1,0.9,0.7,2.1,2.8,13.1
239,Justin Jackson\jacksju01,SF,25,OKC,33,3,16.5,2.6,6.4,.406,1.0,3.4,.306,1.6,3.1,.515,.486,0.9,1.1,.857,0.4,1.7,2.2,1.5,0.5,0.1,0.9,0.9,7.2
240,Reggie Jackson\jacksre01,SG,30,LAC,53,31,22.0,3.7,8.0,.458,1.6,3.8,.422,2.1,4.2,.489,.557,1.0,1.3,.797,0.3,2.4,2.8,3.1,0.6,0.1,1.1,2.0,9.9
241,Justin James\jamesju01,SF,24,SAC,25,0,6.0,0.7,1.7,.429,0.2,0.7,.294,0.5,1.0,.520,.488,0.2,0.5,.417,0.1,0.3,0.4,0.6,0.1,0.0,0.2,0.4,1.8
242,LeBron James\jamesle01,PG,36,LAL,41,41,33.9,9.5,18.4,.513,2.4,6.5,.368,7.1,12.0,.592,.578,4.1,5.8,.703,0.6,7.3,7.9,7.9,1.0,0.6,3.7,1.6,25.4
243,DaQuan Jeffries\jeffrda01,SG,23,TOT,19,2,12.4,1.3,3.0,.421,0.5,1.5,.321,0.8,1.5,.517,.500,0.3,0.4,.857,0.5,1.1,1.5,0.4,0.4,0.2,0.4,1.2,3.3
243,DaQuan Jeffries\jeffrda01,SG,23,SAC,18,2,12.9,1.3,3.2,.421,0.5,1.6,.321,0.8,1.6,.517,.500,0.3,0.4,.857,0.5,1.1,1.6,0.3,0.4,0.2,0.4,1.3,3.5
243,DaQuan Jeffries\jeffrda01,SG,23,HOU,1,0,3.0,0.0,0.0,,0.0,0.0,,0.0,0.0,,,0.0,0.0,,0.0,0.0,0.0,1.0,0.0,0.0,0.0,0.0,0.0
244,Ty Jerome\jeromty01,SG,23,OKC,21,1,25.2,3.7,8.6,.433,2.1,5.2,.404,1.6,3.4,.479,.556,0.5,0.8,.588,0.5,2.5,3.0,3.6,0.6,0.2,1.3,1.9,10.0
245,Isaiah Joe\joeis01,SG,21,PHI,29,1,9.8,1.1,3.3,.337,0.9,2.6,.333,0.2,0.7,.350,.468,0.3,0.3,.889,0.2,0.8,1.0,0.6,0.3,0.1,0.2,0.9,3.3
246,Alize Johnson\johnsal02,PF,24,BRK,7,0,12.9,3.4,5.1,.667,0.0,0.4,.000,3.4,4.7,.727,.667,0.1,0.1,1.000,1.6,3.6,5.1,0.9,0.4,0.3,0.4,0.6,7.0
247,Cameron Johnson\johnsca02,PF,24,PHO,48,9,23.3,3.5,7.8,.450,2.1,5.4,.394,1.4,2.4,.579,.587,0.8,0.9,.867,0.5,2.8,3.3,1.4,0.6,0.3,0.8,1.5,9.9
248,James Johnson\johnsja01,PF,33,TOT,37,6,19.6,2.6,5.8,.453,0.6,2.3,.282,2.0,3.5,.566,.509,0.8,1.3,.617,0.6,2.6,3.2,2.0,0.9,0.9,1.1,2.2,6.7
248,James Johnson\johnsja01,PF,33,DAL,29,1,17.4,2.3,5.0,.462,0.5,2.1,.250,1.8,2.9,.612,.514,0.6,1.0,.586,0.5,2.5,3.0,1.7,0.8,0.8,0.9,2.0,5.7
248,James Johnson\johnsja01,PF,33,NOP,8,5,27.9,3.8,8.6,.435,1.1,3.1,.360,2.6,5.5,.477,.500,1.5,2.3,.667,0.9,3.0,3.9,3.0,1.1,1.4,1.6,3.0,10.1
249,Keldon Johnson\johnske04,SF,21,SAS,49,47,28.6,4.9,10.3,.476,0.9,2.6,.328,4.0,7.7,.527,.518,2.2,3.0,.735,1.5,5.0,6.5,1.8,0.5,0.5,1.1,2.2,12.9
250,Stanley Johnson\johnsst04,PF,24,TOR,47,6,14.7,1.1,2.7,.388,0.6,1.6,.342,0.5,1.1,.453,.488,0.4,0.5,.792,0.4,1.9,2.3,1.2,0.7,0.3,0.7,1.8,3.1
251,Tyler Johnson\johnsty01,SG,28,BRK,31,2,16.8,1.8,4.6,.394,1.2,3.3,.376,0.6,1.3,.439,.528,0.5,0.6,.842,0.2,1.7,1.9,0.9,0.4,0.0,0.4,1.0,5.4
252,Nikola Jokić\jokicni01,C,25,DEN,54,54,35.4,10.3,18.2,.565,1.4,3.4,.418,8.9,14.9,.599,.604,4.1,4.8,.854,2.9,8.1,10.9,8.8,1.5,0.6,3.1,2.7,26.2
253,Damian Jones\jonesda03,C,25,TOT,23,6,9.8,1.1,1.5,.735,0.0,0.0,.000,1.1,1.4,.758,.735,0.7,1.0,.739,0.7,1.3,2.0,0.3,0.1,0.6,0.5,1.9,2.9
253,Damian Jones\jonesda03,C,25,PHO,14,0,6.7,0.6,1.1,.500,0.0,0.1,.000,0.6,1.1,.533,.500,0.4,0.8,.545,0.5,0.8,1.3,0.3,0.1,0.4,0.4,1.4,1.6
253,Damian Jones\jonesda03,C,25,LAL,8,6,14.0,2.0,2.1,.941,0.0,0.0,,2.0,2.1,.941,.941,1.4,1.5,.917,1.0,2.3,3.3,0.1,0.1,0.9,0.6,2.8,5.4
253,Damian Jones\jonesda03,C,25,SAC,1,0,19.0,1.0,1.0,1.000,0.0,0.0,,1.0,1.0,1.000,1.000,0.0,0.0,,1.0,1.0,2.0,2.0,1.0,1.0,1.0,2.0,2.0
254,Derrick Jones Jr.\jonesde02,SF,23,POR,49,40,24.6,2.8,5.7,.489,0.9,2.6,.331,1.9,3.1,.621,.564,1.1,1.7,.634,1.5,2.5,4.0,0.8,0.7,1.0,0.6,2.3,7.5
255,Mason Jones\jonesma05,SG,22,TOT,30,1,10.7,1.7,4.0,.425,0.8,2.2,.364,0.9,1.8,.500,.525,1.2,1.9,.614,0.2,1.6,1.8,1.4,0.2,0.0,0.9,0.7,5.4
255,Mason Jones\jonesma05,SG,22,HOU,26,1,11.8,1.8,4.4,.412,0.9,2.5,.359,0.9,1.9,.480,.513,1.3,2.2,.614,0.2,1.8,2.0,1.5,0.2,0.0,1.1,0.8,5.8
255,Mason Jones\jonesma05,SG,22,PHI,4,0,3.8,1.0,1.5,.667,0.3,0.5,.500,0.8,1.0,.750,.750,0.0,0.0,,0.5,0.3,0.8,0.5,0.0,0.0,0.0,0.0,2.3
256,Tre Jones\jonestr01,PG,21,SAS,25,0,4.7,0.8,1.6,.475,0.0,0.0,1.000,0.7,1.6,.462,.488,0.2,0.2,1.000,0.2,0.2,0.4,0.6,0.2,0.0,0.4,0.2,1.8
257,Tyus Jones\jonesty01,PG,24,MEM,52,8,19.3,2.8,6.5,.437,0.7,2.2,.319,2.2,4.3,.496,.490,0.6,0.7,.914,0.4,1.9,2.3,4.0,1.0,0.1,0.8,0.5,7.0
258,DeAndre Jordan\jordade01,C,32,BRK,47,36,22.2,3.4,4.4,.774,0.0,0.0,.000,3.4,4.4,.778,.774,0.7,1.5,.500,2.0,5.2,7.2,1.6,0.3,1.2,1.5,2.1,7.6
259,Cory Joseph\josepco01,PG,29,TOT,55,5,22.1,2.9,6.2,.466,0.7,2.0,.330,2.3,4.3,.530,.519,1.1,1.4,.816,0.6,1.9,2.5,3.2,0.9,0.3,1.2,2.2,7.6
259,Cory Joseph\josepco01,PG,29,SAC,44,2,21.5,2.5,5.7,.444,0.7,2.1,.330,1.8,3.5,.513,.506,0.8,1.1,.766,0.6,1.7,2.3,2.5,0.9,0.2,1.0,2.2,6.6
259,Cory Joseph\josepco01,PG,29,DET,11,3,24.8,4.5,8.5,.527,0.5,1.4,.333,4.0,7.1,.564,.554,2.4,2.6,.897,0.5,2.7,3.3,6.1,1.2,0.5,1.9,2.3,11.7
260,Mfiondu Kabengele\kabenmf01,PF,23,TOT,25,0,4.6,0.4,1.4,.306,0.2,0.8,.238,0.2,0.6,.400,.375,0.2,0.2,.833,0.0,0.7,0.8,0.2,0.2,0.1,0.3,0.9,1.3
260,Mfiondu Kabengele\kabenmf01,PF,23,LAC,23,0,4.1,0.4,1.4,.281,0.2,0.8,.222,0.2,0.6,.357,.344,0.2,0.3,.833,0.0,0.6,0.6,0.2,0.1,0.1,0.3,0.8,1.2
260,Mfiondu Kabengele\kabenmf01,PF,23,CLE,2,0,10.0,1.0,2.0,.500,0.5,1.5,.333,0.5,0.5,1.000,.625,0.0,0.0,,0.0,2.5,2.5,0.5,1.0,0.0,0.5,2.0,2.5
261,Frank Kaminsky\kaminfr01,C,27,PHO,33,13,14.8,2.5,5.3,.469,0.8,1.9,.406,1.7,3.4,.505,.543,0.7,1.1,.629,0.7,2.9,3.6,1.6,0.3,0.4,0.5,1.3,6.4
262,Enes Kanter\kanteen01,C,28,POR,54,34,26.5,5.1,8.3,.608,0.0,0.0,.000,5.1,8.3,.609,.608,1.9,2.5,.784,4.3,7.5,11.9,1.3,0.5,0.7,1.3,2.6,12.1
263,Luke Kennard\kennalu01,SG,24,LAC,50,12,19.2,3.0,6.2,.489,1.6,3.4,.470,1.4,2.8,.511,.617,0.3,0.4,.842,0.2,2.4,2.6,1.7,0.3,0.2,0.8,1.6,7.9
264,Maxi Kleber\klebima01,PF,29,DAL,38,32,27.9,2.4,5.5,.438,1.8,4.2,.434,0.6,1.3,.449,.603,0.8,0.9,.914,0.9,4.5,5.4,1.3,0.6,0.7,0.7,2.3,7.4
265,Nathan Knight\knighna01,PF,23,ATL,24,0,8.3,1.1,2.9,.386,0.2,0.8,.250,0.9,2.1,.440,.421,1.3,1.6,.795,0.8,1.3,2.0,0.3,0.3,0.3,0.6,0.7,3.8
266,Kevin Knox\knoxke01,SF,21,NYK,35,0,12.5,1.5,3.8,.403,1.0,2.4,.405,0.6,1.4,.400,.530,0.4,0.5,.778,0.3,1.3,1.6,0.5,0.3,0.2,0.5,1.0,4.5
267,John Konchar\konchjo01,SG,24,MEM,29,0,14.0,1.3,3.0,.437,0.4,1.2,.361,0.9,1.8,.490,.511,0.6,0.8,.818,0.8,2.1,3.0,1.2,0.9,0.2,0.5,1.1,3.7
268,Furkan Korkmaz\korkmfu01,SG,23,PHI,43,6,19.1,3.1,7.7,.406,1.8,4.7,.373,1.3,2.9,.460,.521,1.2,1.7,.726,0.3,1.8,2.1,1.2,0.9,0.2,0.9,1.2,9.2
269,Luke Kornet\kornelu01,PF-C,25,TOT,19,0,9.4,1.1,2.8,.389,0.6,2.0,.316,0.5,0.8,.563,.500,0.1,0.3,.400,0.3,1.6,1.9,0.5,0.1,0.7,0.2,0.4,2.9
269,Luke Kornet\kornelu01,PF,25,CHI,13,0,7.2,0.7,2.1,.333,0.5,1.8,.261,0.2,0.3,.750,.444,0.2,0.3,.500,0.1,1.1,1.2,0.3,0.2,0.5,0.1,0.1,2.0
269,Luke Kornet\kornelu01,C,25,BOS,6,0,14.2,2.0,4.5,.444,1.0,2.5,.400,1.0,2.0,.500,.556,0.0,0.2,.000,0.8,2.7,3.5,1.0,0.0,1.2,0.3,1.2,5.0
270,Rodions Kurucs\kurucro01,SF-PF,22,TOT,18,0,6.3,0.4,1.5,.296,0.2,1.0,.222,0.2,0.5,.444,.370,0.1,0.1,.500,0.3,0.9,1.2,0.6,0.4,0.2,0.6,0.6,1.2
270,Rodions Kurucs\kurucro01,PF,22,BRK,5,0,3.2,0.2,0.6,.333,0.2,0.4,.500,0.0,0.2,.000,.500,0.0,0.0,,0.0,0.6,0.6,0.4,0.0,0.0,0.0,0.2,0.6
270,Rodions Kurucs\kurucro01,SF,22,HOU,11,0,6.8,0.5,1.9,.238,0.2,1.4,.133,0.3,0.5,.500,.286,0.1,0.2,.500,0.2,0.8,1.0,0.4,0.5,0.4,0.8,0.6,1.2
270,Rodions Kurucs\kurucro01,SF,22,MIL,2,0,11.0,1.0,1.5,.667,0.5,0.5,1.000,0.5,1.0,.500,.833,0.0,0.0,,1.5,2.5,4.0,2.0,1.0,0.0,0.5,1.5,2.5
271,Kyle Kuzma\kuzmaky01,SF,25,LAL,52,22,28.2,4.9,11.4,.432,2.0,5.8,.347,2.9,5.6,.521,.520,1.0,1.4,.676,1.8,4.8,6.7,1.6,0.4,0.6,1.8,1.7,12.8
272,Anthony Lamb\lamban01,SF,23,HOU,10,0,12.2,0.7,3.5,.200,0.3,2.0,.150,0.4,1.5,.267,.243,0.3,0.4,.750,1.3,1.6,2.9,0.3,0.1,0.1,0.3,1.4,2.0
273,Jeremy Lamb\lambje01,SG,28,IND,33,8,21.0,3.2,7.5,.425,1.4,3.5,.393,1.8,3.9,.454,.518,2.1,2.2,.946,0.7,2.9,3.6,1.4,0.9,0.6,0.6,1.9,9.9
274,Romeo Langford\langfro01,SG,21,BOS,6,1,13.3,1.0,3.0,.333,0.5,1.2,.429,0.5,1.8,.273,.417,0.5,0.5,1.000,1.0,1.3,2.3,0.3,0.3,0.2,0.5,0.8,3.0
275,Zach LaVine\lavinza01,SG,25,CHI,52,52,35.2,9.8,19.4,.506,3.4,8.2,.414,6.4,11.2,.573,.593,4.5,5.3,.847,0.6,4.5,5.1,5.0,0.8,0.5,3.6,2.3,27.5
276,Jake Layman\laymaja01,SF,26,MIN,39,11,15.1,2.2,4.4,.500,0.5,1.8,.292,1.6,2.5,.653,.562,0.6,0.9,.714,0.3,1.3,1.6,0.7,0.7,0.4,0.6,1.0,5.5
277,Jalen Lecque\lecquja01,PG,20,IND,4,0,3.0,0.3,2.3,.111,0.0,0.3,.000,0.3,2.0,.125,.111,0.8,0.8,1.000,0.5,0.8,1.3,0.5,0.0,0.0,0.0,0.0,1.3
278,Damion Lee\leeda03,SG,28,GSW,53,1,18.8,2.2,4.8,.447,1.3,3.5,.386,0.8,1.3,.606,.586,0.8,0.8,.909,0.4,2.7,3.1,1.3,0.7,0.1,0.5,1.5,6.4
279,Saben Lee\leesa01,PG,21,DET,32,7,15.4,2.0,4.3,.478,0.2,0.4,.500,1.8,3.8,.475,.504,1.4,2.2,.657,0.5,1.5,1.9,3.3,0.6,0.3,1.0,1.6,5.7
280,Alex Len\lenal01,C,27,TOT,45,23,15.6,2.6,4.3,.613,0.2,0.5,.318,2.5,3.8,.651,.631,1.1,1.9,.600,1.0,2.8,3.8,0.9,0.3,1.1,0.9,2.0,6.6
280,Alex Len\lenal01,C,27,TOR,7,2,10.9,0.7,1.4,.500,0.4,0.9,.500,0.3,0.6,.500,.650,0.4,0.9,.500,0.0,1.6,1.6,0.4,0.1,0.9,1.1,1.4,2.3
280,Alex Len\lenal01,C,27,WAS,38,21,16.4,3.0,4.8,.620,0.1,0.4,.250,2.9,4.4,.655,.630,1.3,2.1,.608,1.2,3.0,4.2,0.9,0.3,1.1,0.8,2.1,7.4
281,Kawhi Leonard\leonaka01,SF,29,LAC,45,45,34.6,9.4,18.3,.515,2.0,5.0,.395,7.5,13.4,.560,.568,5.1,5.8,.878,1.2,5.4,6.6,5.0,1.7,0.4,2.0,1.7,26.0
282,Meyers Leonard\leoname01,C,28,MIA,3,2,9.7,1.0,2.3,.429,1.0,2.3,.429,0.0,0.0,,.643,0.3,0.7,.500,0.0,2.3,2.3,0.7,0.0,0.0,0.7,1.7,3.3
283,Caris LeVert\leverca01,SG,26,TOT,29,21,30.8,6.9,15.9,.431,1.7,5.3,.310,5.2,10.6,.492,.483,2.6,3.3,.800,0.7,3.8,4.5,5.1,1.4,0.5,1.9,1.9,18.0
283,Caris LeVert\leverca01,SG,26,BRK,12,4,27.8,7.3,16.7,.435,1.8,5.3,.349,5.4,11.4,.474,.490,2.2,2.8,.765,0.8,3.5,4.3,6.0,1.1,0.5,2.2,1.7,18.5
283,Caris LeVert\leverca01,SG,26,IND,17,17,32.9,6.6,15.4,.427,1.5,5.4,.283,5.1,10.0,.506,.477,2.9,3.6,.820,0.6,3.9,4.6,4.5,1.6,0.5,1.7,2.1,17.6
284,Kira Lewis Jr.\lewiski01,PG,19,NOP,36,0,15.9,2.6,6.3,.420,0.8,2.1,.351,1.9,4.1,.456,.480,0.6,0.8,.767,0.2,1.0,1.2,2.3,0.8,0.2,0.6,1.6,6.7
285,Damian Lillard\lillada01,PG,30,POR,52,52,35.9,8.8,20.1,.440,4.1,10.8,.379,4.8,9.3,.510,.541,6.9,7.5,.925,0.5,3.7,4.2,7.7,0.9,0.3,3.2,1.6,28.7
286,Nassir Little\littlna01,PF,20,POR,35,2,14.1,1.8,3.8,.485,0.7,1.9,.382,1.1,1.8,.594,.583,0.9,1.1,.868,0.7,2.0,2.7,0.5,0.1,0.3,0.4,1.2,5.3
287,Kevon Looney\looneke01,C,24,GSW,43,16,16.0,1.5,2.7,.551,0.1,0.3,.308,1.4,2.4,.581,.568,0.5,0.7,.690,1.7,2.5,4.1,1.9,0.4,0.4,0.6,2.0,3.6
288,Brook Lopez\lopezbr01,C,32,MIL,52,52,27.3,4.2,8.8,.479,1.4,4.3,.338,2.8,4.5,.613,.561,1.5,1.8,.849,1.4,3.5,4.9,0.8,0.6,1.4,0.9,2.0,11.4
289,Robin Lopez\lopezro01,C,32,WAS,53,9,20.3,3.7,5.9,.625,0.1,0.3,.278,3.6,5.5,.646,.633,1.4,2.0,.708,2.1,2.0,4.1,0.9,0.3,0.6,1.1,1.7,8.9
290,Kevin Love\loveke01,PF,32,CLE,10,10,20.3,3.4,8.7,.391,2.2,5.9,.373,1.2,2.8,.429,.517,2.0,2.6,.769,0.6,4.8,5.4,2.0,0.6,0.2,1.5,1.2,11.0
291,Kyle Lowry\lowryky01,PG,34,TOR,40,40,34.6,5.6,12.9,.437,2.7,6.9,.391,2.9,6.0,.490,.542,3.1,3.6,.880,0.8,4.7,5.5,7.3,1.1,0.3,2.9,3.2,17.1
292,Timothé Luwawu-Cabarrot\luwawti01,SF,25,BRK,47,7,19.3,2.3,6.5,.359,1.4,4.4,.316,1.0,2.1,.450,.466,0.6,0.8,.806,0.5,1.9,2.4,1.3,0.6,0.1,0.8,1.9,6.7
293,Trey Lyles\lylestr01,PF,25,SAS,23,9,15.6,1.9,3.9,.478,0.6,1.7,.350,1.3,2.2,.580,.556,0.7,1.0,.652,0.4,3.3,3.7,0.6,0.3,0.0,0.3,0.6,5.0
294,Will Magnay\magnawi01,C,22,NOP,1,0,3.0,0.0,1.0,.000,0.0,1.0,.000,0.0,0.0,,.000,0.0,0.0,,0.0,0.0,0.0,0.0,0.0,0.0,1.0,1.0,0.0
295,Thon Maker\makerth01,C,23,CLE,8,0,9.5,1.3,2.3,.556,0.0,0.3,.000,1.3,2.0,.625,.556,1.3,1.4,.909,1.0,1.3,2.3,0.5,0.3,0.5,0.4,0.9,3.8
296,Théo Maledon\maledth01,PG,19,OKC,48,32,27.3,3.4,9.0,.374,1.7,4.7,.356,1.7,4.3,.393,.466,1.3,1.7,.756,0.4,3.0,3.4,3.4,0.9,0.1,2.1,2.1,9.7
297,Karim Mané\maneka01,PG,20,ORL,10,0,8.8,0.3,1.3,.231,0.1,0.2,.500,0.2,1.1,.182,.269,0.4,0.5,.800,0.1,1.3,1.4,0.4,0.0,0.2,0.3,1.0,1.1
298,Terance Mann\mannte01,SG,24,LAC,53,4,18.2,2.5,4.9,.504,0.5,1.2,.429,2.0,3.7,.528,.556,1.0,1.3,.779,0.9,2.8,3.7,1.6,0.5,0.2,0.6,1.9,6.5
299,Nico Mannion\mannini01,PG,19,GSW,20,1,14.0,1.6,4.5,.344,0.9,2.5,.367,0.7,2.1,.317,.444,1.0,1.3,.800,0.1,1.5,1.6,2.6,0.7,0.1,1.2,1.3,5.0
300,Boban Marjanović\marjabo01,C,32,DAL,24,3,9.0,2.0,4.3,.480,0.0,0.3,.000,2.0,4.0,.510,.480,0.8,1.1,.769,1.6,2.8,4.4,0.3,0.0,0.2,0.4,1.0,4.9
301,Lauri Markkanen\markkla01,PF,23,CHI,33,25,27.9,5.5,11.3,.487,2.4,6.1,.390,3.2,5.3,.598,.591,1.9,2.3,.840,0.8,4.8,5.6,0.9,0.4,0.4,1.2,1.5,15.3
302,Naji Marshall\marshna01,SF,23,NOP,14,3,14.5,1.1,3.2,.333,0.3,1.2,.235,0.8,2.0,.393,.378,1.5,2.1,.700,0.1,2.3,2.4,1.8,0.5,0.4,0.4,1.6,3.9
303,Caleb Martin\martica02,SF,25,CHO,39,2,14.2,1.8,4.8,.387,0.6,2.2,.282,1.2,2.6,.475,.452,0.6,1.0,.615,0.6,2.1,2.7,1.3,0.7,0.2,0.7,1.0,4.9
304,Cody Martin\martico01,SF,25,CHO,41,2,14.3,1.5,3.4,.447,0.3,1.1,.261,1.2,2.3,.537,.489,0.4,0.8,.563,0.8,1.7,2.5,1.4,0.5,0.2,0.7,0.9,3.8
305,Kelan Martin\martike03,SF,25,IND,19,0,5.2,0.7,1.8,.382,0.3,0.8,.313,0.4,0.9,.444,.456,0.2,0.2,1.000,0.2,0.8,1.1,0.2,0.3,0.1,0.3,0.5,1.8
306,Kenyon Martin Jr.\martike04,SF,20,HOU,27,0,19.3,2.7,4.9,.553,0.4,1.1,.400,2.3,3.8,.598,.598,1.2,1.6,.750,1.7,2.9,4.6,0.7,0.5,1.0,0.7,1.7,7.1
307,Frank Mason III\masonfr01,PG,26,ORL,4,1,19.8,2.3,6.0,.375,0.5,1.3,.400,1.8,4.8,.368,.417,1.3,1.8,.714,0.8,2.3,3.0,3.0,0.0,0.0,1.3,1.8,6.3
308,Garrison Mathews\mathega01,SG,24,WAS,47,22,18.4,1.8,4.1,.428,1.4,3.4,.409,0.4,0.7,.514,.595,1.4,1.6,.892,0.3,1.3,1.6,0.5,0.5,0.1,0.2,1.8,6.3
309,Dakota Mathias\mathida01,SG,25,PHI,8,2,15.4,2.4,6.0,.396,1.0,3.3,.308,1.4,2.8,.500,.479,0.3,0.8,.333,0.1,0.8,0.9,1.6,0.1,0.4,0.1,0.9,6.0
310,Wesley Matthews\matthwe02,SG,34,LAL,46,6,19.9,1.5,4.3,.347,1.2,3.4,.338,0.3,0.9,.381,.480,0.7,0.8,.857,0.3,1.3,1.6,1.0,0.7,0.3,0.5,1.5,4.8
311,Tyrese Maxey\maxeyty01,SG,20,PHI,46,6,14.1,2.9,6.5,.446,0.4,1.5,.275,2.5,5.0,.498,.478,0.7,0.8,.868,0.2,1.3,1.5,1.6,0.3,0.2,0.6,1.2,6.9
312,Skylar Mays\mayssk01,SG,23,ATL,26,0,7.6,1.1,2.7,.400,0.4,1.1,.345,0.7,1.6,.439,.471,0.7,0.8,.857,0.3,0.6,1.0,0.8,0.4,0.0,0.3,0.5,3.2
313,Patrick McCaw\mccawpa01,SF,25,TOR,5,0,6.6,0.2,0.2,1.000,0.0,0.0,,0.2,0.2,1.000,1.000,0.6,0.6,1.000,0.2,0.4,0.6,0.8,0.4,0.0,0.0,1.2,1.0
314,CJ McCollum\mccolcj01,SG,29,POR,29,29,33.2,8.5,19.1,.445,3.9,9.8,.401,4.6,9.3,.491,.548,2.3,2.7,.848,0.6,3.3,3.9,4.7,1.0,0.5,1.3,1.9,23.2
315,T.J. McConnell\mccontj01,PG,28,IND,50,2,25.6,3.7,6.6,.560,0.2,0.6,.300,3.5,6.0,.586,.574,0.4,0.6,.625,0.8,2.9,3.6,6.5,1.7,0.4,1.9,1.6,8.0
316,Jaden McDaniels\mcdanja02,PF,20,MIN,48,14,22.8,2.5,5.8,.434,1.1,3.1,.361,1.4,2.8,.515,.529,0.5,0.8,.595,0.8,2.9,3.7,1.1,0.5,1.0,0.7,2.6,6.6
317,Jalen McDaniels\mcdanja01,SF,23,CHO,28,5,13.9,2.3,4.6,.504,0.6,1.6,.356,1.8,3.0,.583,.566,0.7,1.0,.704,0.5,2.0,2.5,0.8,0.3,0.3,0.7,1.8,5.9
318,Doug McDermott\mcderdo01,PF,29,IND,51,19,24.4,5.1,9.8,.520,1.7,4.4,.381,3.5,5.5,.631,.605,1.2,1.4,.845,1.0,2.6,3.6,1.3,0.3,0.1,0.9,1.7,13.1
319,Sean McDermott\mcderse01,SF,24,MEM,15,0,10.2,0.9,2.2,.394,0.3,1.5,.227,0.5,0.7,.727,.470,0.5,0.5,1.000,0.4,0.9,1.3,0.3,0.1,0.2,0.3,0.5,2.6
320,JaVale McGee\mcgeeja01,C,33,TOT,37,1,14.7,3.2,6.2,.522,0.1,0.5,.250,3.1,5.6,.548,.533,1.0,1.6,.644,1.6,3.5,5.1,0.9,0.5,1.1,1.4,2.5,7.6
320,JaVale McGee\mcgeeja01,C,33,CLE,33,1,15.2,3.4,6.5,.521,0.2,0.6,.250,3.2,5.9,.549,.533,1.1,1.7,.655,1.6,3.5,5.2,1.0,0.5,1.2,1.4,2.4,8.0
320,JaVale McGee\mcgeeja01,C,33,DEN,4,0,10.0,1.8,3.3,.538,0.0,0.0,,1.8,3.3,.538,.538,0.5,1.0,.500,1.5,3.5,5.0,0.3,0.5,0.5,1.5,2.8,4.0
321,Rodney McGruder\mcgruro01,SG,29,DET,16,2,12.1,2.3,4.4,.529,0.7,1.5,.458,1.6,2.9,.565,.607,0.4,0.5,.750,0.5,0.9,1.4,1.0,0.5,0.1,0.4,0.8,5.7
322,Alfonzo McKinnie\mckinal01,SF,28,LAL,32,0,6.2,1.1,2.1,.515,0.4,0.9,.414,0.7,1.2,.595,.606,0.3,0.5,.529,0.4,0.9,1.3,0.2,0.1,0.0,0.1,0.6,2.8
323,Jordan McLaughlin\mclaujo01,PG,24,MIN,35,2,20.1,2.1,5.4,.386,0.6,1.8,.344,1.5,3.6,.408,.444,0.5,0.6,.727,0.4,1.7,2.2,4.2,1.1,0.2,1.1,0.9,5.3
324,Ben McLemore\mclembe01,SG,27,TOT,36,4,16.9,2.5,7.0,.360,1.8,5.3,.333,0.8,1.8,.438,.484,0.8,1.1,.744,0.4,1.7,2.0,0.8,0.6,0.1,0.9,1.7,7.6
324,Ben McLemore\mclembe01,SG,27,HOU,32,4,16.8,2.5,7.0,.357,1.7,5.2,.331,0.8,1.8,.431,.480,0.7,1.0,.719,0.3,1.7,2.1,0.9,0.6,0.1,0.9,1.6,7.4
324,Ben McLemore\mclembe01,SG,27,LAL,4,0,17.8,2.8,7.3,.379,2.0,5.8,.348,0.8,1.5,.500,.517,1.5,1.8,.857,0.5,1.3,1.8,0.5,0.3,0.0,0.8,2.8,9.0
325,Nicolò Melli\mellini01,PF,30,TOT,31,4,12.7,0.9,2.9,.297,0.4,1.8,.232,0.5,1.1,.400,.368,0.3,0.3,.900,0.6,2.1,2.7,1.0,0.4,0.1,0.3,1.5,2.5
325,Nicolò Melli\mellini01,PF,30,NOP,22,0,11.0,0.7,2.7,.254,0.3,1.7,.189,0.4,1.0,.364,.314,0.3,0.3,.857,0.5,2.0,2.6,1.1,0.4,0.0,0.3,1.3,2.0
325,Nicolò Melli\mellini01,PF,30,DAL,9,4,16.9,1.3,3.6,.375,0.7,2.1,.316,0.7,1.4,.462,.469,0.3,0.3,1.000,0.7,2.2,2.9,0.8,0.2,0.1,0.2,2.1,3.7
326,De'Anthony Melton\meltode01,PG,22,MEM,35,1,19.9,3.7,7.8,.480,1.8,4.0,.453,1.9,3.8,.507,.595,0.8,1.0,.771,0.7,2.5,3.2,2.7,1.2,0.5,1.2,1.7,10.1
327,Sam Merrill\merrisa01,SG,24,MIL,23,1,8.0,1.2,2.6,.458,0.8,1.7,.462,0.4,0.9,.450,.610,0.2,0.2,1.000,0.3,0.9,1.1,0.8,0.2,0.0,0.4,0.6,3.3
328,Chimezie Metu\metuch01,C,23,SAC,21,0,9.1,1.8,3.2,.567,0.1,0.4,.375,1.7,2.8,.593,.590,0.5,0.9,.611,1.0,1.7,2.7,0.7,0.2,0.5,0.6,1.5,4.3
329,Khris Middleton\middlkh01,SF,29,MIL,51,51,33.5,7.5,15.6,.482,2.2,5.0,.435,5.4,10.6,.504,.551,3.0,3.4,.886,0.8,5.2,6.0,5.4,1.1,0.2,2.8,2.4,20.3
330,Darius Miller\milleda01,SF,30,OKC,18,0,10.9,1.2,2.7,.458,0.9,2.3,.405,0.3,0.3,.833,.635,0.7,0.7,1.000,0.1,1.2,1.3,1.2,0.7,0.3,0.4,0.7,4.1
331,Patty Mills\millspa02,PG,32,SAS,51,0,25.6,4.1,9.6,.429,2.6,6.6,.389,1.5,3.0,.516,.563,1.1,1.2,.905,0.3,1.4,1.7,2.5,0.7,0.0,0.9,1.3,12.0
332,Paul Millsap\millspa01,PF,35,DEN,42,34,22.1,3.4,6.9,.495,1.0,2.6,.382,2.4,4.3,.564,.567,1.2,1.8,.703,1.4,3.3,4.7,1.6,0.9,0.6,0.9,2.1,9.0
333,Shake Milton\miltosh01,SG,24,PHI,46,2,24.0,5.0,11.1,.452,1.0,3.2,.322,4.0,7.8,.506,.499,2.6,3.0,.857,0.6,1.7,2.3,3.0,0.6,0.3,1.7,2.2,13.7
334,Donovan Mitchell\mitchdo01,PG,24,UTA,52,52,33.7,9.1,20.7,.438,3.4,8.7,.385,5.7,12.0,.476,.519,5.0,6.0,.842,0.9,3.5,4.4,5.3,1.0,0.3,2.7,2.2,26.5
335,Adam Mokoka\mokokad01,SG,22,CHI,9,0,5.2,0.7,1.7,.400,0.1,0.9,.125,0.6,0.8,.714,.433,0.0,0.0,,0.1,0.3,0.4,0.4,0.2,0.1,0.2,0.6,1.4
336,Malik Monk\monkma01,SG,22,CHO,32,0,21.7,4.6,10.1,.460,2.2,5.2,.424,2.4,4.9,.497,.568,1.7,2.0,.815,0.4,2.3,2.7,1.9,0.5,0.1,1.5,1.2,13.1
337,E'Twaun Moore\mooreet01,SG,31,PHO,24,1,14.5,1.8,4.3,.422,0.3,1.2,.276,1.5,3.0,.479,.461,0.3,0.4,.800,0.5,1.2,1.8,1.5,0.6,0.2,0.8,1.3,4.3
338,Ja Morant\moranja01,PG,21,MEM,44,44,31.8,6.8,15.2,.447,0.9,3.5,.270,5.8,11.7,.499,.478,4.4,6.0,.739,0.9,2.5,3.5,7.4,0.9,0.2,3.1,1.4,18.9
339,Juwan Morgan\morgaju01,PF,23,UTA,19,0,4.4,0.4,0.9,.412,0.2,0.6,.273,0.2,0.3,.667,.500,0.1,0.3,.200,0.3,0.5,0.8,0.2,0.2,0.0,0.1,0.7,0.9
340,Marcus Morris\morrima03,PF,31,LAC,44,16,25.9,4.8,10.1,.469,2.5,5.2,.476,2.3,4.9,.461,.591,1.1,1.3,.831,0.6,3.5,4.1,1.0,0.6,0.3,0.9,2.1,13.1
341,Markieff Morris\morrima02,PF,31,LAL,48,24,20.2,2.8,6.2,.445,1.3,3.5,.355,1.5,2.7,.562,.545,0.6,0.9,.732,0.8,3.8,4.6,1.1,0.3,0.3,0.9,1.9,7.4
342,Monte Morris\morrimo01,PG,25,DEN,42,11,26.3,4.0,8.3,.479,1.1,3.0,.381,2.8,5.3,.534,.547,1.3,1.6,.783,0.2,2.0,2.2,3.3,0.7,0.3,0.8,1.0,10.4
343,Mychal Mulder\muldemy01,PG,26,GSW,43,2,9.9,1.3,3.0,.415,1.0,2.6,.378,0.3,0.4,.632,.577,0.3,0.4,.579,0.0,0.8,0.8,0.4,0.2,0.2,0.2,0.7,3.7
344,Dejounte Murray\murrade01,PG,24,SAS,50,50,31.7,6.6,14.6,.456,1.0,3.0,.318,5.7,11.5,.492,.489,1.6,2.0,.820,0.7,6.1,6.8,5.2,1.6,0.1,1.7,2.1,15.9
345,Jamal Murray\murraja01,PG,23,DEN,48,48,35.5,7.9,16.5,.477,2.7,6.6,.408,5.2,9.9,.523,.559,2.8,3.2,.869,0.8,3.3,4.0,4.8,1.3,0.3,2.3,2.0,21.2
346,Mike Muscala\muscami01,C,29,OKC,35,0,18.4,3.4,7.6,.446,1.9,5.3,.370,1.5,2.4,.614,.573,0.9,1.0,.917,0.5,3.2,3.8,0.8,0.2,0.3,0.6,1.5,9.7
347,Sviatoslav Mykhailiuk\mykhasv01,SF-SG,23,TOT,50,12,19.3,2.7,6.8,.400,1.6,4.6,.341,1.1,2.2,.528,.516,0.7,0.8,.786,0.4,1.9,2.3,1.6,0.8,0.2,1.2,0.8,7.7
347,Sviatoslav Mykhailiuk\mykhasv01,SF,23,DET,36,5,17.6,2.3,6.2,.377,1.6,4.8,.333,0.8,1.4,.519,.504,0.7,0.8,.800,0.3,1.8,2.1,1.6,0.8,0.2,1.1,0.9,6.9
347,Sviatoslav Mykhailiuk\mykhasv01,SG,23,OKC,14,7,23.6,3.7,8.4,.444,1.6,4.4,.361,2.1,4.0,.536,.538,0.6,0.9,.750,0.6,2.4,3.0,1.6,0.9,0.1,1.5,0.6,9.6
348,Abdel Nader\naderab01,SF,27,PHO,24,0,14.8,2.4,4.8,.491,0.8,1.8,.419,1.6,3.0,.534,.569,1.2,1.5,.757,0.3,2.3,2.6,0.8,0.4,0.4,0.8,1.4,6.7
349,Larry Nance Jr.\nancela02,PF,28,CLE,29,27,32.8,4.0,8.1,.487,1.2,3.3,.379,2.7,4.9,.560,.564,0.9,1.4,.634,1.7,5.3,7.1,3.1,1.8,0.6,1.5,2.1,10.1
350,Aaron Nesmith\nesmiaa01,SF,21,BOS,30,0,13.3,1.2,3.1,.372,0.7,2.2,.328,0.4,0.9,.481,.489,0.4,0.5,.688,0.5,1.7,2.2,0.3,0.3,0.2,0.5,1.4,3.4
351,Raul Neto\netora01,PG,28,WAS,47,8,20.5,3.2,7.1,.449,1.0,2.6,.366,2.2,4.5,.498,.516,0.9,1.1,.827,0.4,1.8,2.2,2.1,1.1,0.1,0.8,1.6,8.3
352,Georges Niang\niangge01,PF,27,UTA,55,1,14.3,2.1,4.8,.435,1.5,3.5,.410,0.6,1.2,.507,.588,0.1,0.1,1.000,0.3,1.9,2.2,0.7,0.3,0.1,0.6,1.5,5.7
353,Zeke Nnaji\nnajize01,PF,20,DEN,34,1,10.0,1.3,2.6,.506,0.6,1.5,.400,0.7,1.1,.649,.621,0.4,0.4,.800,0.4,1.3,1.6,0.2,0.1,0.1,0.2,0.8,3.5
354,Nerlens Noel\noelne01,C,26,NYK,49,26,23.1,2.1,3.6,.600,0.0,0.0,.000,2.1,3.5,.607,.600,0.7,1.0,.660,2.2,4.0,6.3,0.7,1.1,2.1,1.2,2.7,5.0
355,Jaylen Nowell\nowelja01,SG,21,MIN,37,0,19.0,3.7,8.5,.433,1.3,3.7,.341,2.4,4.8,.506,.508,1.1,1.4,.824,0.5,1.9,2.4,1.6,0.6,0.3,0.7,1.8,9.8
356,Frank Ntilikina\ntilila01,PG,22,NYK,21,4,12.0,1.1,3.0,.359,0.8,1.8,.459,0.3,1.3,.222,.492,0.3,0.7,.500,0.2,1.0,1.1,0.7,0.7,0.0,0.5,1.6,3.3
357,Kendrick Nunn\nunnke01,PG,25,MIA,40,28,28.5,5.2,11.3,.457,2.0,5.4,.364,3.2,5.9,.542,.544,1.1,1.2,.913,0.4,2.7,3.2,2.7,1.0,0.3,1.6,1.9,13.4
358,Jusuf Nurkić\nurkiju01,C,26,POR,20,20,22.5,3.7,7.5,.497,0.4,1.1,.333,3.4,6.4,.523,.520,1.5,2.5,.580,1.9,5.7,7.6,3.2,1.0,0.9,2.1,3.1,9.2
359,David Nwaba\nwabada01,SF,28,HOU,30,9,22.6,3.5,7.3,.486,0.6,2.1,.270,3.0,5.2,.574,.525,1.6,2.3,.691,1.3,2.6,3.9,1.0,1.0,0.7,0.6,2.0,9.2
360,Jordan Nwora\nworajo01,SF,22,MIL,21,2,9.9,2.0,4.5,.432,0.9,2.1,.422,1.0,2.4,.440,.532,0.7,0.9,.789,0.2,1.7,1.9,0.3,0.6,0.2,0.8,0.7,5.5
361,Royce O'Neale\onealro01,SF,27,UTA,54,54,31.9,2.3,5.4,.430,1.5,3.9,.374,0.9,1.5,.573,.565,0.6,0.7,.850,1.2,5.6,6.9,2.5,0.8,0.5,1.1,2.8,6.8
362,Semi Ojeleye\ojelese01,PF,26,BOS,45,9,18.0,1.6,4.1,.400,1.2,3.0,.388,0.5,1.1,.431,.541,0.5,0.7,.750,0.6,2.2,2.7,0.7,0.2,0.0,0.4,1.1,5.0
363,Jahlil Okafor\okafoja01,C,25,DET,14,0,10.3,2.1,3.6,.600,0.1,0.3,.250,2.1,3.3,.630,.610,0.5,0.6,.875,0.9,1.4,2.3,0.5,0.1,0.1,0.4,1.1,4.9
364,Chuma Okeke\okekech01,PF,22,ORL,37,11,24.2,2.6,6.2,.424,1.0,2.8,.350,1.6,3.4,.484,.502,0.6,0.8,.774,0.9,3.1,4.1,2.2,0.8,0.5,0.8,1.1,6.9
365,Josh Okogie\okogijo01,SG,22,MIN,42,26,20.7,1.6,4.4,.370,0.5,1.8,.250,1.2,2.6,.454,.421,1.4,1.7,.819,0.9,1.6,2.5,1.1,1.0,0.4,0.8,2.2,5.1
366,Onyeka Okongwu\okongon01,C,20,ATL,33,2,10.8,1.6,2.6,.616,0.0,0.0,.000,1.6,2.6,.624,.616,0.7,1.2,.585,1.0,2.0,3.0,0.2,0.4,0.6,0.5,1.9,3.9
367,Isaac Okoro\okorois01,SG,20,CLE,48,48,31.8,3.1,7.1,.430,0.9,2.8,.316,2.2,4.3,.505,.493,1.3,1.8,.705,0.9,1.9,2.8,1.8,1.0,0.4,1.4,2.8,8.3
368,KZ Okpala\okpalkz01,PF,21,MIA,26,9,12.5,1.0,2.5,.409,0.4,1.4,.297,0.6,1.1,.552,.492,0.1,0.2,.333,0.6,1.3,1.9,0.4,0.2,0.3,0.5,1.7,2.6
369,Victor Oladipo\oladivi01,SG,28,TOT,33,33,32.7,7.1,17.5,.408,2.4,7.2,.326,4.8,10.2,.466,.476,3.2,4.2,.754,0.4,4.5,4.8,4.6,1.4,0.4,2.5,2.5,19.8
369,Victor Oladipo\oladivi01,SG,28,IND,9,9,33.3,7.1,16.9,.421,2.8,7.7,.362,4.3,9.2,.470,.503,3.0,4.1,.730,0.1,5.6,5.7,4.2,1.7,0.2,2.0,2.6,20.0
369,Victor Oladipo\oladivi01,SG,28,HOU,20,20,33.5,7.8,19.1,.407,2.5,7.7,.320,5.3,11.4,.465,.471,3.3,4.2,.783,0.4,4.4,4.8,5.0,1.2,0.5,2.6,2.3,21.2
369,Victor Oladipo\oladivi01,SG,28,MIA,4,4,27.8,4.0,10.8,.372,1.0,4.3,.235,3.0,6.5,.462,.419,3.0,4.5,.667,0.8,2.8,3.5,3.5,1.8,0.5,3.5,3.3,12.0
370,Kelly Olynyk\olynyke01,C-PF,29,TOT,53,45,27.4,4.2,9.1,.465,1.8,5.5,.327,2.4,3.5,.681,.564,1.1,1.3,.803,1.1,5.3,6.4,2.2,0.9,0.6,1.4,2.8,11.3
370,Kelly Olynyk\olynyke01,C,29,MIA,43,38,26.9,3.8,8.7,.431,1.8,5.7,.317,2.0,3.1,.639,.533,0.7,0.9,.775,1.0,5.0,6.1,2.1,0.9,0.6,1.3,2.9,10.0
370,Kelly Olynyk\olynyke01,PF,29,HOU,10,7,29.6,6.2,10.6,.585,1.9,5.1,.373,4.3,5.5,.782,.675,2.6,3.1,.839,1.5,6.4,7.9,2.8,0.9,0.7,1.9,2.7,16.9
371,Miye Oni\onimi01,SG,23,UTA,39,0,9.0,0.7,2.0,.354,0.6,1.8,.343,0.1,0.2,.444,.506,0.1,0.2,.833,0.5,1.2,1.7,0.4,0.2,0.2,0.3,1.1,2.2
372,Cedi Osman\osmande01,SF,25,CLE,48,17,24.3,3.5,9.7,.360,1.6,5.4,.300,1.9,4.3,.436,.444,1.1,1.5,.750,0.6,2.7,3.3,2.6,0.9,0.2,1.1,1.8,9.7
373,Daniel Oturu\oturuda01,C,21,LAC,21,0,3.9,0.6,1.1,.500,0.0,0.0,.000,0.6,1.1,.522,.500,0.1,0.2,.500,0.4,0.6,1.0,0.3,0.0,0.1,0.2,0.6,1.2
374,Kelly Oubre Jr.\oubreke01,SF,25,GSW,50,50,30.8,5.8,13.2,.439,1.6,5.2,.317,4.1,8.0,.519,.502,2.1,3.0,.698,1.4,4.6,6.0,1.4,1.1,0.8,1.2,2.3,15.3
375,Jabari Parker\parkeja01,PF,25,SAC,3,0,9.0,1.3,2.3,.571,0.0,0.3,.000,1.3,2.0,.667,.571,0.0,0.0,,0.3,1.7,2.0,0.3,0.0,0.3,1.0,1.3,2.7
376,Eric Paschall\pascher01,PF,24,GSW,39,2,17.3,3.7,7.5,.491,0.4,1.4,.321,3.3,6.2,.529,.520,1.6,2.3,.719,0.7,2.5,3.2,1.3,0.3,0.2,1.1,1.7,9.5
377,Anžejs Pasečņiks\pasecan01,C,25,WAS,1,0,6.0,0.0,1.0,.000,0.0,1.0,.000,0.0,0.0,,.000,0.0,0.0,,1.0,0.0,1.0,1.0,0.0,0.0,5.0,2.0,0.0
378,Patrick Patterson\pattepa01,PF,31,LAC,27,2,13.9,1.7,3.9,.448,1.0,2.6,.366,0.8,1.3,.618,.571,0.4,0.5,.786,0.4,1.4,1.8,0.8,0.4,0.3,0.3,1.3,4.9
379,Justin Patton\pattoju01,C,23,HOU,13,6,19.0,2.2,5.4,.414,0.7,2.6,.265,1.5,2.8,.556,.479,0.2,0.3,.750,1.1,2.7,3.8,1.1,0.9,1.1,0.3,2.6,5.4
380,Chris Paul\paulch01,PG,35,PHO,53,53,31.6,6.0,12.3,.486,1.3,3.6,.366,4.7,8.7,.536,.540,2.5,2.7,.931,0.4,4.2,4.6,8.7,1.5,0.2,2.2,2.4,15.8
381,Cameron Payne\payneca01,PG,26,PHO,43,0,17.2,2.7,5.7,.470,1.0,2.5,.411,1.7,3.3,.514,.559,0.8,0.9,.892,0.2,2.1,2.3,3.7,0.6,0.2,1.0,1.7,7.2
382,Elfrid Payton\paytoel01,PG,26,NYK,46,46,26.1,5.0,11.1,.448,0.5,1.8,.286,4.5,9.3,.480,.472,1.5,2.1,.701,1.2,2.4,3.6,3.4,0.8,0.2,1.7,1.9,12.0
383,Gary Payton II\paytoga02,PG,28,GSW,2,0,0.0,0.0,0.0,,0.0,0.0,,0.0,0.0,,,0.0,0.0,,0.0,0.5,0.5,0.0,0.0,0.0,0.0,0.0,0.0
384,Norvel Pelle\pelleno01,C,27,TOT,6,0,6.0,0.5,1.3,.375,0.0,0.0,,0.5,1.3,.375,.375,0.7,1.0,.667,0.7,1.2,1.8,0.2,0.0,0.8,0.5,1.7,1.7
384,Norvel Pelle\pelleno01,C,27,BRK,3,0,9.3,1.0,2.3,.429,0.0,0.0,,1.0,2.3,.429,.429,0.0,0.0,,1.0,1.3,2.3,0.0,0.0,1.0,1.0,3.0,2.0
384,Norvel Pelle\pelleno01,C,27,SAC,1,0,4.0,0.0,1.0,.000,0.0,0.0,,0.0,1.0,.000,.000,3.0,4.0,.750,1.0,0.0,1.0,1.0,0.0,0.0,0.0,1.0,3.0
384,Norvel Pelle\pelleno01,C,27,NYK,2,0,2.0,0.0,0.0,,0.0,0.0,,0.0,0.0,,,0.5,1.0,.500,0.0,1.5,1.5,0.0,0.0,1.0,0.0,0.0,0.5
385,Reggie Perry\perryre01,PF,20,BRK,20,0,9.8,1.6,3.7,.419,0.2,1.0,.200,1.4,2.7,.500,.446,0.5,0.7,.769,1.2,2.1,3.3,0.7,0.3,0.3,0.7,1.8,3.8
386,Theo Pinson\pinsoth01,SG,25,NYK,14,0,2.2,0.1,0.6,.111,0.0,0.6,.000,0.1,0.1,1.000,.111,0.0,0.0,,0.0,0.1,0.1,0.1,0.0,0.0,0.1,0.3,0.1
387,Mason Plumlee\plumlma01,C,30,DET,50,50,27.1,4.2,6.9,.603,0.0,0.1,.000,4.2,6.8,.615,.603,2.0,3.0,.662,2.6,6.4,9.1,3.5,0.8,0.9,1.9,3.3,10.3
388,Jakob Poeltl\poeltja01,C,25,SAS,52,34,26.0,3.7,5.9,.630,0.0,0.0,,3.7,5.9,.630,.630,0.7,1.8,.413,3.3,4.7,8.0,1.9,0.6,1.6,1.2,2.3,8.1
389,Vincent Poirier\poirivi01,C,27,PHI,10,0,3.9,0.3,1.2,.250,0.0,0.1,.000,0.3,1.1,.273,.250,0.2,0.6,.333,0.6,0.8,1.4,0.2,0.0,0.3,0.4,0.8,0.8
390,Aleksej Pokusevski\pokusal01,PF,19,OKC,33,16,23.5,2.8,8.5,.333,1.3,4.5,.289,1.5,3.9,.385,.410,0.7,0.8,.846,0.7,4.1,4.8,1.9,0.4,1.0,1.9,1.2,7.6
391,Jordan Poole\poolejo01,SG,21,GSW,33,6,17.5,3.7,8.3,.440,1.6,4.7,.348,2.0,3.6,.558,.538,1.5,1.7,.911,0.2,1.3,1.5,1.8,0.4,0.1,0.9,1.5,10.5
392,Jontay Porter\portejo01,PF,21,MEM,5,0,3.8,0.4,1.4,.286,0.2,1.0,.200,0.2,0.4,.500,.357,0.0,0.0,,0.4,1.4,1.8,0.2,0.4,0.0,1.0,1.2,1.0
393,Kevin Porter Jr.\porteke02,SG,20,HOU,17,14,31.1,5.8,13.6,.427,1.5,5.7,.268,4.3,7.9,.541,.483,2.2,3.2,.704,0.6,3.3,3.9,6.6,0.9,0.4,3.5,2.2,15.4
394,Michael Porter Jr.\portemi01,SF,22,DEN,44,37,30.5,6.7,12.5,.534,2.4,5.6,.421,4.3,6.9,.625,.628,1.6,2.1,.763,1.9,5.9,7.8,1.0,0.6,0.9,1.1,2.1,17.3
395,Otto Porter\porteot01,SF-PF,27,TOT,28,6,21.6,3.5,8.1,.432,1.4,3.7,.375,2.1,4.4,.480,.518,1.3,1.5,.857,1.0,4.4,5.4,2.0,0.6,0.1,0.9,1.5,9.7
395,Otto Porter\porteot01,SF,27,CHI,25,6,21.6,3.6,8.1,.441,1.5,3.8,.400,2.0,4.3,.477,.535,1.2,1.5,.838,1.1,4.4,5.5,2.0,0.5,0.2,1.0,1.5,9.9
395,Otto Porter\porteot01,PF,27,ORL,3,0,22.0,3.0,8.3,.360,0.3,3.0,.111,2.7,5.3,.500,.380,1.7,1.7,1.000,0.0,4.7,4.7,1.7,1.3,0.0,0.0,1.3,8.0
396,Bobby Portis\portibo01,C,25,MIL,49,5,21.5,4.8,9.1,.527,1.1,2.4,.471,3.6,6.6,.548,.590,0.7,0.9,.739,1.8,5.5,7.3,1.1,0.8,0.4,0.9,1.7,11.4
397,Kristaps Porziņģis\porzikr01,C,25,DAL,34,34,31.0,7.9,16.4,.480,2.3,6.3,.369,5.6,10.1,.549,.551,2.6,3.2,.833,2.0,7.4,9.4,1.6,0.4,1.6,1.4,2.7,20.7
398,Dwight Powell\poweldw01,C,29,DAL,39,8,14.6,1.5,2.9,.513,0.1,0.5,.250,1.4,2.4,.568,.535,1.5,2.0,.779,1.2,2.2,3.3,0.8,0.6,0.3,0.5,2.2,4.7
399,Norman Powell\powelno01,SG-SF,27,TOT,52,41,30.8,6.5,13.3,.489,2.7,6.2,.430,3.8,7.0,.541,.590,3.4,4.0,.855,0.6,2.5,3.1,1.8,1.2,0.3,1.8,2.3,19.0
399,Norman Powell\powelno01,SG,27,TOR,42,31,30.4,6.7,13.5,.498,2.8,6.4,.439,3.9,7.1,.552,.602,3.4,3.9,.865,0.5,2.5,3.0,1.8,1.1,0.2,1.8,2.3,19.6
399,Norman Powell\powelno01,SF,27,POR,10,10,32.7,5.5,12.3,.447,2.1,5.4,.389,3.4,6.9,.493,.533,3.6,4.4,.818,1.1,2.4,3.5,1.4,1.6,0.5,1.7,2.3,16.7
400,Taurean Prince\princta02,PF,26,TOT,36,10,22.0,3.0,7.9,.384,1.4,3.6,.382,1.6,4.3,.386,.472,1.7,2.0,.847,0.5,3.1,3.6,1.9,0.6,0.6,1.1,1.8,9.1
400,Taurean Prince\princta02,PF,26,BRK,12,4,18.2,2.5,6.2,.405,1.1,3.1,.351,1.4,3.1,.459,.493,2.0,2.3,.889,0.2,2.7,2.8,0.6,0.7,0.7,0.9,1.8,8.1
400,Taurean Prince\princta02,PF,26,CLE,24,6,24.0,3.3,8.8,.376,1.5,3.9,.394,1.8,4.8,.362,.464,1.5,1.9,.822,0.7,3.3,4.0,2.5,0.6,0.6,1.1,1.9,9.7
401,Payton Pritchard\pritcpa01,SG,23,BOS,49,1,18.7,2.5,5.7,.442,1.3,3.2,.400,1.2,2.5,.496,.554,0.4,0.5,.875,0.5,1.6,2.1,1.8,0.6,0.1,0.9,1.7,6.7
402,Immanuel Quickley\quickim01,PG,21,NYK,50,3,19.7,3.7,9.7,.385,1.8,4.9,.370,1.9,4.7,.401,.479,2.6,2.9,.896,0.5,1.9,2.3,2.1,0.5,0.2,0.9,1.9,11.8
403,Jahmi'us Ramsey\ramseja01,SG,19,SAC,5,0,3.4,0.6,1.0,.600,0.2,0.6,.333,0.4,0.4,1.000,.700,0.0,0.0,,0.0,0.8,0.8,0.2,0.0,0.2,0.2,0.0,1.4
404,Chasson Randle\randlch01,PG,27,ORL,24,5,19.8,1.8,4.6,.378,1.0,2.7,.369,0.8,1.9,.391,.486,0.6,0.8,.833,0.1,1.7,1.8,2.0,0.5,0.1,1.2,1.7,5.1
405,Julius Randle\randlju01,PF,26,NYK,54,54,37.1,8.2,17.8,.461,2.0,5.0,.398,6.2,12.8,.486,.517,4.6,5.8,.799,1.3,9.4,10.7,6.0,0.9,0.3,3.5,3.2,23.0
406,Cam Reddish\reddica01,SF,21,ATL,26,21,28.8,3.7,10.1,.365,1.3,4.8,.262,2.4,5.3,.460,.428,2.6,3.2,.817,0.8,3.2,4.0,1.3,1.3,0.3,1.3,2.6,11.2
407,J.J. Redick\redicjj01,SG,36,TOT,32,0,18.4,2.8,6.9,.398,1.6,4.5,.364,1.1,2.4,.462,.516,1.4,1.5,.958,0.1,1.6,1.7,1.3,0.3,0.1,0.8,1.2,8.6
407,J.J. Redick\redicjj01,SG,36,NOP,31,0,18.6,2.8,6.9,.407,1.6,4.5,.364,1.2,2.4,.486,.526,1.5,1.5,.957,0.1,1.6,1.7,1.3,0.3,0.1,0.8,1.2,8.7
407,J.J. Redick\redicjj01,SG,36,DAL,1,0,14.0,1.0,7.0,.143,1.0,3.0,.333,0.0,4.0,.000,.214,1.0,1.0,1.000,0.0,2.0,2.0,2.0,0.0,0.0,1.0,0.0,4.0
408,Paul Reed\reedpa01,PF,21,PHI,16,0,6.8,1.3,2.8,.477,0.0,0.4,.000,1.3,2.4,.553,.477,0.1,0.3,.250,0.9,0.9,1.8,0.4,0.3,0.4,0.4,1.0,2.7
409,Naz Reid\reidna01,C,21,MIN,53,14,19.1,4.2,8.0,.519,0.8,2.4,.357,3.3,5.6,.587,.572,1.8,2.4,.729,1.1,3.3,4.3,1.1,0.5,1.1,1.0,2.5,10.9
410,Cameron Reynolds\reynoca01,SF,25,SAS,3,0,2.0,0.3,0.7,.500,0.0,0.0,,0.3,0.7,.500,.500,0.0,0.0,,0.0,0.0,0.0,0.0,0.0,0.0,0.0,0.0,0.7
411,Nick Richards\richani01,PF,23,CHO,14,0,3.8,0.3,0.5,.571,0.0,0.0,,0.3,0.5,.571,.571,0.5,0.8,.636,0.1,0.5,0.6,0.1,0.0,0.0,0.2,0.4,1.1
412,Josh Richardson\richajo01,SG,27,DAL,43,43,32.0,4.5,10.5,.430,1.5,4.9,.316,3.0,5.6,.529,.503,1.8,2.0,.908,0.9,2.7,3.6,2.8,0.9,0.4,1.4,2.5,12.4
413,Grant Riller\rillegr01,PG,23,CHO,2,0,4.0,0.0,1.0,.000,0.0,0.5,.000,0.0,0.5,.000,.000,0.0,0.0,,0.0,0.0,0.0,0.5,0.0,0.0,0.0,0.0,0.0
414,Austin Rivers\riverau01,SG,28,NYK,21,2,21.0,2.8,6.4,.430,1.3,3.7,.364,1.4,2.8,.517,.533,0.5,0.7,.714,0.2,2.0,2.2,2.0,0.6,0.0,1.0,1.5,7.3
415,Andre Roberson\roberan03,SG,29,BRK,5,0,12.6,0.4,2.8,.143,0.2,1.6,.125,0.2,1.2,.167,.179,0.2,0.4,.500,1.4,1.6,3.0,0.8,0.6,0.2,0.4,0.8,1.2
416,Duncan Robinson\robindu01,SF,26,MIA,54,54,32.2,4.4,9.9,.438,3.5,8.5,.408,0.9,1.4,.618,.613,0.9,1.1,.847,0.1,3.6,3.7,1.8,0.5,0.2,1.2,2.5,13.1
417,Glenn Robinson III\robingl02,SF,27,SAC,23,2,16.0,1.8,4.3,.424,0.7,1.9,.364,1.1,2.4,.473,.505,0.9,1.0,.913,0.5,1.5,2.0,0.9,0.2,0.1,0.5,1.0,5.3
418,Jerome Robinson\robinje01,SG,23,WAS,17,6,17.9,1.6,5.6,.295,0.6,2.5,.262,1.0,3.1,.321,.353,0.9,1.2,.800,0.2,2.0,2.2,1.5,0.7,0.4,1.1,1.8,4.9
419,Justin Robinson\robinju01,PG,23,OKC,5,0,12.4,1.0,3.2,.313,0.6,2.4,.250,0.4,0.8,.500,.406,0.6,1.0,.600,0.0,0.8,0.8,1.2,0.2,0.0,0.2,1.4,3.2
420,Mitchell Robinson\robinmi01,C,22,NYK,31,29,27.5,3.7,5.7,.653,0.0,0.0,,3.7,5.7,.653,.653,0.8,1.7,.491,3.6,4.5,8.1,0.5,1.1,1.5,0.8,2.8,8.3
421,Isaiah Roby\robyis01,PF,22,OKC,44,24,23.5,3.4,6.8,.495,0.5,1.6,.319,2.9,5.2,.550,.533,1.5,2.1,.710,1.6,4.2,5.8,1.8,0.8,0.7,1.8,2.6,8.8
422,Rajon Rondo\rondora01,PG,34,TOT,32,2,15.3,1.7,4.2,.407,0.7,1.8,.386,1.0,2.4,.423,.489,0.2,0.3,.875,0.3,1.8,2.1,3.7,0.8,0.1,1.5,1.2,4.3
422,Rajon Rondo\rondora01,PG,34,ATL,27,2,14.9,1.6,4.1,.400,0.6,1.7,.378,1.0,2.4,.415,.477,0.0,0.1,.500,0.1,1.9,2.0,3.5,0.7,0.1,1.4,0.9,3.9
422,Rajon Rondo\rondora01,PG,34,LAC,5,0,17.2,2.2,5.0,.440,1.0,2.4,.417,1.2,2.6,.462,.540,1.2,1.2,1.000,0.8,1.4,2.2,4.8,1.0,0.2,2.0,2.6,6.6
423,Derrick Rose\rosede01,PG,32,TOT,34,3,23.9,5.0,11.7,.426,0.9,2.5,.349,4.1,9.1,.447,.463,2.3,2.7,.849,0.4,1.8,2.2,3.9,1.0,0.4,1.6,1.1,13.1
423,Derrick Rose\rosede01,PG,32,DET,15,0,22.8,5.3,12.3,.429,0.9,2.6,.333,4.4,9.7,.455,.465,2.8,3.3,.840,0.4,1.5,1.9,4.2,1.2,0.3,1.9,1.1,14.2
423,Derrick Rose\rosede01,PG,32,NYK,19,3,24.7,4.7,11.2,.423,0.9,2.5,.362,3.8,8.7,.440,.462,1.9,2.3,.860,0.4,2.0,2.4,3.7,0.9,0.6,1.4,1.0,12.3
424,Terrence Ross\rosste01,SG,29,ORL,44,2,29.4,5.6,13.6,.413,2.0,5.9,.341,3.6,7.7,.468,.487,2.7,3.0,.881,0.3,3.2,3.5,2.3,1.0,0.5,1.7,2.0,15.9
425,Terry Rozier\roziete01,SG,26,CHO,50,50,33.6,7.2,15.6,.463,3.3,8.2,.404,3.9,7.5,.527,.568,2.5,3.0,.832,0.6,3.5,4.1,3.4,1.2,0.4,1.9,1.8,20.3
426,Ricky Rubio\rubiori01,PG,30,MIN,51,36,26.3,2.7,7.2,.381,0.9,2.9,.301,1.9,4.3,.434,.441,2.1,2.5,.856,0.4,2.8,3.2,6.8,1.4,0.1,1.8,2.1,8.5
427,D'Angelo Russell\russeda01,PG,24,MIN,25,19,28.2,7.0,16.1,.434,3.0,7.3,.407,4.0,8.8,.457,.526,2.8,3.6,.789,0.4,2.2,2.6,4.9,1.0,0.4,2.6,2.0,19.8
428,Domantas Sabonis\sabondo01,PF,24,IND,50,50,35.7,7.4,14.3,.522,0.8,2.6,.305,6.7,11.7,.569,.549,4.2,5.7,.725,2.6,8.9,11.5,6.0,1.1,0.6,3.4,3.4,19.8
429,Luka Šamanić\samanlu01,PF,21,SAS,22,2,9.3,1.5,3.1,.471,0.4,1.5,.273,1.0,1.6,.657,.537,0.5,1.0,.524,0.5,1.7,2.2,0.5,0.2,0.2,0.6,1.2,3.8
430,JaKarr Sampson\sampsja02,PF,27,IND,20,0,7.7,1.3,2.8,.473,0.1,0.4,.250,1.2,2.4,.511,.491,0.7,1.0,.700,0.7,1.4,2.1,0.1,0.1,0.4,0.4,1.1,3.4
431,Dario Šarić\saricda01,C,26,PHO,36,0,18.1,3.5,7.5,.463,1.1,2.9,.358,2.4,4.6,.530,.533,1.8,2.0,.863,1.1,3.1,4.2,1.3,0.6,0.1,1.2,1.9,9.8
432,Tomáš Satoranský\satorto01,SG,29,CHI,42,17,23.8,3.0,5.9,.508,0.8,2.1,.391,2.2,3.8,.572,.577,1.2,1.3,.907,0.5,2.0,2.5,5.1,0.8,0.2,1.7,1.6,7.9
433,Dennis Schröder\schrode01,SG,27,LAL,51,51,31.8,5.3,12.2,.432,1.1,3.3,.341,4.2,8.9,.465,.478,3.7,4.4,.848,0.5,3.0,3.5,5.4,1.2,0.2,2.8,2.6,15.4
434,Mike Scott\scottmi01,PF,32,PHI,35,8,17.6,1.5,4.2,.363,1.1,3.2,.339,0.4,1.0,.441,.493,0.2,0.3,.600,0.3,2.4,2.7,0.6,0.6,0.1,0.5,1.3,4.3
435,Collin Sexton\sextoco01,SG,22,CLE,45,45,35.8,8.8,18.4,.480,1.6,4.4,.357,7.3,14.0,.518,.522,4.9,6.0,.822,0.8,2.0,2.8,4.2,1.2,0.1,2.6,2.6,24.1
436,Landry Shamet\shamela01,SG,23,BRK,43,1,20.4,2.7,6.8,.402,2.0,5.0,.394,0.7,1.7,.427,.548,0.9,1.0,.844,0.2,1.6,1.8,1.2,0.5,0.1,0.7,1.3,8.3
437,Iman Shumpert\shumpim01,SG,30,BRK,2,0,5.5,0.5,2.0,.250,0.0,1.5,.000,0.5,0.5,1.000,.250,0.0,0.0,,0.5,0.0,0.5,0.0,0.5,0.0,0.5,0.0,1.0
438,Pascal Siakam\siakapa01,PF,26,TOR,45,45,35.6,7.5,16.4,.455,1.2,4.3,.284,6.3,12.1,.516,.493,4.6,5.5,.839,1.7,5.4,7.1,4.6,1.1,0.7,2.2,3.3,20.8
439,Chris Silva\silvach01,PF,24,TOT,13,0,6.7,0.8,1.2,.667,0.1,0.1,1.000,0.7,1.1,.643,.700,0.8,1.2,.733,0.5,1.5,2.0,0.5,0.1,0.4,0.8,1.6,2.5
439,Chris Silva\silvach01,PF,24,MIA,11,0,7.5,0.8,1.2,.692,0.1,0.1,1.000,0.7,1.1,.667,.731,1.0,1.4,.733,0.6,1.6,2.3,0.5,0.1,0.5,0.8,1.8,2.7
439,Chris Silva\silvach01,PF,24,SAC,2,0,2.0,0.5,1.0,.500,0.0,0.0,,0.5,1.0,.500,.500,0.0,0.0,,0.0,0.5,0.5,0.0,0.0,0.0,0.5,0.5,1.0
440,Ben Simmons\simmobe01,PG,24,PHI,46,46,33.2,5.7,10.5,.545,0.1,0.2,.333,5.6,10.3,.549,.548,3.4,5.5,.619,1.7,6.0,7.7,7.1,1.6,0.6,3.4,3.0,14.8
441,Anfernee Simons\simonan01,SG,21,POR,46,0,16.0,2.6,6.4,.403,1.9,4.5,.415,0.7,1.9,.375,.549,0.7,0.8,.816,0.2,2.1,2.2,1.3,0.2,0.1,0.7,1.6,7.7
442,Deividas Sirvydis\sirvyde01,SG,20,DET,12,0,2.2,0.3,1.0,.333,0.3,0.8,.400,0.0,0.2,.000,.500,0.3,0.3,.750,0.0,0.6,0.6,0.1,0.1,0.0,0.1,0.1,1.3
443,Alen Smailagić\smailal01,PF,20,GSW,5,1,5.2,0.8,2.0,.400,0.4,1.0,.400,0.4,1.0,.400,.500,0.2,0.8,.250,0.4,0.2,0.6,0.0,0.0,0.2,0.0,1.0,2.2
444,Marcus Smart\smartma01,PG,26,BOS,36,33,32.5,4.3,10.4,.409,2.0,5.6,.355,2.3,4.8,.474,.505,2.9,3.6,.786,0.6,2.5,3.1,5.6,1.5,0.5,1.8,2.5,13.4
445,Dennis Smith Jr.\smithde03,PG,23,TOT,23,9,18.3,2.5,6.3,.400,0.8,2.5,.328,1.7,3.8,.448,.466,0.8,1.1,.731,0.5,1.9,2.4,3.3,1.0,0.6,1.1,1.6,6.7
445,Dennis Smith Jr.\smithde03,PG,23,NYK,3,0,9.3,0.7,3.3,.200,0.0,1.3,.000,0.7,2.0,.333,.200,1.7,2.0,.833,0.0,0.7,0.7,1.0,1.0,0.0,0.3,1.3,3.0
445,Dennis Smith Jr.\smithde03,PG,23,DET,20,9,19.6,2.8,6.8,.415,1.0,2.7,.352,1.9,4.1,.457,.485,0.7,1.0,.700,0.6,2.1,2.7,3.7,1.0,0.7,1.3,1.7,7.3
446,Ish Smith\smithis01,PG,32,WAS,25,1,20.3,2.6,6.4,.403,0.4,1.0,.360,2.2,5.4,.410,.431,0.3,0.7,.471,0.4,2.9,3.4,4.3,0.6,0.2,1.0,1.1,5.8
447,Jalen Smith\smithja04,PF,20,PHO,19,0,4.3,0.5,1.4,.370,0.1,0.5,.200,0.4,0.9,.471,.407,0.1,0.2,.333,0.3,0.6,0.8,0.1,0.0,0.1,0.3,0.5,1.2
448,Tony Snell\snellto01,SG,29,ATL,40,18,21.0,1.9,3.7,.517,1.4,2.5,.571,0.5,1.2,.408,.707,0.3,0.3,1.000,0.4,2.0,2.4,1.3,0.2,0.3,0.5,1.6,5.5
449,Ray Spalding\spaldra01,C,23,HOU,2,0,9.5,1.0,2.0,.500,0.0,0.5,.000,1.0,1.5,.667,.500,0.0,1.0,.000,1.0,1.0,2.0,0.0,0.0,1.0,1.5,1.5,2.0
450,Cassius Stanley\stanlca01,SG,21,IND,15,0,2.5,0.3,1.3,.263,0.1,0.4,.167,0.3,0.9,.308,.289,0.3,0.3,.800,0.3,0.4,0.7,0.0,0.0,0.1,0.1,0.5,1.0
451,Lamar Stevens\stevela01,PF,23,CLE,37,0,13.1,1.6,3.6,.452,0.1,0.7,.160,1.5,3.0,.518,.467,0.9,1.3,.714,0.6,1.9,2.5,0.6,0.5,0.4,0.6,1.4,4.4
452,Isaiah Stewart\stewais01,C,19,DET,52,4,19.7,2.8,5.0,.569,0.2,0.5,.423,2.6,4.5,.585,.590,0.7,1.1,.667,2.2,3.7,5.9,0.9,0.5,1.0,0.9,2.4,6.6
453,Max Strus\strusma01,SF,24,MIA,27,0,12.5,2.1,4.5,.467,1.3,3.6,.357,0.8,0.9,.917,.611,0.4,0.6,.688,0.1,0.8,0.9,0.5,0.2,0.0,0.1,1.1,5.9
454,Edmond Sumner\sumneed01,SG,25,IND,40,12,14.1,2.4,4.6,.522,0.6,1.6,.371,1.8,3.1,.598,.584,1.1,1.4,.800,0.4,1.3,1.6,0.7,0.6,0.2,0.9,1.4,6.5
455,Jae'Sean Tate\tateja01,SF,25,HOU,54,42,28.7,4.3,8.4,.517,0.8,2.6,.310,3.5,5.7,.612,.565,1.4,1.9,.731,2.0,3.4,5.4,2.0,1.2,0.6,1.2,3.1,10.9
456,Jayson Tatum\tatumja01,SF,22,BOS,49,49,35.7,9.4,20.4,.458,2.9,7.6,.384,6.5,12.9,.502,.529,4.2,4.8,.873,0.7,6.4,7.1,4.2,1.2,0.4,2.6,1.9,25.9
457,Jeff Teague\teaguje01,PG,32,TOT,40,6,18.0,2.4,5.4,.435,0.7,1.6,.453,1.6,3.8,.428,.502,1.6,1.8,.849,0.3,1.4,1.6,2.4,0.7,0.3,1.1,1.2,7.0
457,Jeff Teague\teaguje01,PG,32,BOS,34,5,18.1,2.3,5.5,.415,0.8,1.6,.464,1.5,3.9,.394,.484,1.5,1.8,.836,0.3,1.4,1.7,2.1,0.8,0.2,1.1,1.3,6.9
457,Jeff Teague\teaguje01,PG,32,MIL,6,1,17.3,2.7,4.7,.571,0.5,1.3,.375,2.2,3.3,.650,.625,1.8,2.0,.917,0.0,1.3,1.3,3.7,0.2,0.5,0.7,1.0,7.7
458,Garrett Temple\templga01,SG,34,CHI,37,12,27.1,3.0,7.1,.424,1.2,3.7,.336,1.8,3.4,.520,.511,0.8,1.0,.816,0.6,2.5,3.1,2.0,0.9,0.5,1.0,2.3,8.1
459,Tyrell Terry\terryty01,PG,20,DAL,11,0,5.1,0.5,1.5,.313,0.0,0.6,.000,0.5,0.8,.556,.313,0.1,0.3,.333,0.0,0.5,0.5,0.5,0.5,0.0,0.2,0.2,1.0
460,Daniel Theis\theisda01,C,28,TOT,50,37,24.1,3.8,6.8,.553,0.7,2.3,.327,3.0,4.6,.664,.607,1.1,1.7,.667,1.2,3.9,5.2,1.7,0.6,1.0,1.0,2.6,9.4
460,Daniel Theis\theisda01,C,28,BOS,42,37,24.5,3.8,6.9,.552,0.8,2.3,.347,3.0,4.6,.653,.609,1.1,1.6,.687,1.3,4.0,5.2,1.6,0.6,1.0,1.0,2.9,9.5
460,Daniel Theis\theisda01,C,28,CHI,8,0,22.5,3.8,6.8,.556,0.5,2.3,.222,3.3,4.5,.722,.593,1.3,2.1,.588,1.0,3.9,4.9,2.0,0.5,0.6,1.0,1.3,9.3
461,Brodric Thomas\thomabr01,SG,24,TOT,17,1,9.3,0.8,2.8,.292,0.3,1.5,.192,0.5,1.3,.409,.344,1.1,1.4,.783,0.2,0.9,1.1,0.8,0.4,0.3,0.6,1.1,3.0
461,Brodric Thomas\thomabr01,SG,24,HOU,4,0,6.0,0.5,1.8,.286,0.3,1.5,.167,0.3,0.3,1.000,.357,1.3,1.8,.714,0.3,0.8,1.0,1.0,0.3,0.3,1.0,1.3,2.5
461,Brodric Thomas\thomabr01,SG,24,CLE,13,1,10.3,0.9,3.2,.293,0.3,1.5,.200,0.6,1.6,.381,.341,1.0,1.2,.813,0.2,0.9,1.1,0.7,0.5,0.3,0.5,1.0,3.2
462,Isaiah Thomas\thomais02,PG,31,NOP,3,0,16.0,3.0,9.0,.333,1.0,4.0,.250,2.0,5.0,.400,.389,0.7,0.7,1.000,0.3,1.0,1.3,1.7,0.3,0.0,2.0,1.0,7.7
463,Matt Thomas\thomama02,SG,26,TOT,32,0,7.7,1.0,2.8,.352,0.6,1.9,.328,0.3,0.8,.407,.466,0.2,0.2,.857,0.1,0.8,0.9,0.4,0.1,0.0,0.3,0.4,2.8
463,Matt Thomas\thomama02,SG,26,TOR,26,0,7.4,0.9,2.4,.387,0.7,1.6,.415,0.3,0.8,.333,.524,0.2,0.3,.857,0.1,0.7,0.8,0.3,0.1,0.0,0.2,0.4,2.7
463,Matt Thomas\thomama02,SG,26,UTA,6,0,9.2,1.2,4.3,.269,0.5,3.3,.150,0.7,1.0,.667,.327,0.0,0.0,,0.2,1.3,1.5,0.8,0.2,0.0,0.7,0.7,2.8
464,Tristan Thompson\thomptr01,PF,29,BOS,40,31,22.5,3.2,6.1,.529,0.0,0.1,.000,3.2,6.0,.535,.529,1.4,2.3,.609,3.1,5.2,8.2,1.0,0.4,0.5,1.0,2.2,7.9
465,Sindarius Thornwell\thornsi01,SG,26,NOP,14,1,5.2,0.5,1.5,.333,0.2,0.6,.333,0.3,0.9,.333,.405,0.0,0.1,.000,0.1,0.3,0.4,0.3,0.4,0.1,0.3,0.2,1.2
466,Matisse Thybulle\thybuma01,SG,23,PHI,51,6,19.3,1.5,3.5,.413,0.7,2.2,.309,0.8,1.4,.580,.508,0.2,0.3,.571,0.5,1.4,1.9,0.9,1.5,1.0,0.4,2.0,3.7
467,Killian Tillie\tilliki02,C,22,MEM,10,0,8.6,0.8,3.0,.267,0.3,1.7,.176,0.5,1.3,.385,.317,0.4,0.5,.800,0.5,0.7,1.2,0.2,0.3,0.5,0.1,1.0,2.3
468,Xavier Tillman Sr.\tillmxa01,PF,22,MEM,42,7,18.4,2.6,5.0,.526,0.3,1.1,.267,2.4,4.0,.596,.555,0.6,0.9,.658,1.2,2.9,4.2,1.4,0.8,0.6,0.7,2.1,6.2
469,Obi Toppin\toppiob01,PF,22,NYK,45,0,11.6,1.7,3.6,.484,0.4,1.4,.281,1.3,2.2,.619,.540,0.4,0.5,.727,0.4,1.8,2.2,0.5,0.3,0.2,0.5,1.0,4.2
470,Juan Toscano-Anderson\toscaju01,SG,27,GSW,37,15,17.6,1.8,3.2,.567,0.6,1.3,.429,1.3,1.9,.662,.654,0.4,0.5,.750,0.5,3.2,3.8,2.2,0.6,0.4,0.9,1.9,4.6
471,Axel Toupane\toupaax01,SF,28,MIL,8,1,7.6,0.5,1.4,.364,0.1,0.3,.500,0.4,1.1,.333,.409,0.6,0.9,.714,0.0,0.8,0.8,0.5,0.3,0.4,0.0,0.8,1.8
472,Karl-Anthony Towns\townska01,C,25,MIN,34,34,34.7,8.8,17.8,.493,2.4,6.2,.390,6.4,11.6,.548,.561,5.1,5.7,.882,2.7,8.4,11.1,4.6,0.8,1.4,3.2,3.5,25.0
473,Gary Trent Jr.\trentga02,SG,22,TOT,52,34,31.4,5.6,13.3,.421,2.9,7.4,.392,2.7,5.9,.458,.530,1.4,1.8,.780,0.4,2.1,2.5,1.5,0.9,0.2,0.8,1.6,15.5
473,Gary Trent Jr.\trentga02,SG,22,POR,41,23,30.8,5.3,12.8,.414,3.0,7.4,.397,2.3,5.3,.438,.530,1.4,1.8,.773,0.5,1.7,2.2,1.4,0.9,0.1,0.8,1.5,15.0
473,Gary Trent Jr.\trentga02,SG,22,TOR,11,11,33.6,6.7,15.2,.443,2.7,7.3,.375,4.0,7.9,.506,.533,1.2,1.5,.813,0.1,3.4,3.5,1.6,0.9,0.2,0.8,1.7,17.4
474,P.J. Tucker\tuckepj01,PF,35,TOT,35,32,28.7,1.4,3.9,.363,0.8,2.6,.311,0.6,1.3,.467,.467,0.5,0.7,.783,1.0,3.4,4.4,1.3,0.8,0.6,0.9,2.7,4.1
474,P.J. Tucker\tuckepj01,PF,35,HOU,32,32,30.0,1.5,4.1,.366,0.8,2.7,.314,0.7,1.4,.467,.469,0.6,0.7,.783,1.0,3.6,4.6,1.4,0.9,0.6,1.0,2.8,4.4
474,P.J. Tucker\tuckepj01,PF,35,MIL,3,0,14.7,0.3,1.3,.250,0.3,1.3,.250,0.0,0.0,,.375,0.0,0.0,,1.0,1.0,2.0,0.3,0.0,0.7,0.0,0.7,1.0
475,Rayjon Tucker\tuckera01,PG,23,PHI,7,0,4.3,0.3,0.7,.400,0.1,0.3,.500,0.1,0.4,.333,.500,1.1,1.1,1.000,0.1,0.7,0.9,0.3,0.0,0.0,0.1,0.4,1.9
476,Myles Turner\turnemy01,C,24,IND,46,46,30.9,4.4,9.2,.482,1.5,4.4,.338,3.0,4.8,.613,.563,2.3,3.0,.787,1.3,5.1,6.4,1.0,0.9,3.5,1.4,3.5,12.7
477,Jonas Valančiūnas\valanjo01,C,28,MEM,47,46,27.9,7.0,12.2,.576,0.3,0.9,.341,6.7,11.3,.595,.589,2.6,3.3,.776,4.2,8.5,12.7,1.8,0.6,0.8,1.7,2.9,17.0
478,Denzel Valentine\valende01,SG,27,CHI,46,3,17.6,2.7,7.1,.379,1.4,4.1,.332,1.3,3.0,.445,.476,0.2,0.2,1.000,0.4,3.2,3.6,1.7,0.6,0.0,0.6,1.1,7.0
479,Jarred Vanderbilt\vandeja01,PF,21,MIN,47,25,17.3,2.1,3.5,.606,0.0,0.1,.250,2.1,3.4,.615,.609,1.0,1.7,.600,1.5,3.7,5.2,1.3,0.9,0.7,0.9,1.9,5.3
480,Fred VanVleet\vanvlfr01,SG,26,TOR,44,44,36.4,6.5,16.5,.393,3.3,9.0,.371,3.1,7.5,.419,.494,3.5,4.0,.885,0.6,3.6,4.2,6.1,1.7,0.8,2.0,2.4,19.8
481,Devin Vassell\vassede01,SF,20,SAS,44,1,16.5,1.8,4.4,.397,0.9,2.2,.392,0.9,2.2,.402,.495,0.7,0.8,.879,0.4,2.3,2.8,0.9,0.8,0.3,0.4,1.4,5.0
482,Gabe Vincent\vincega01,PG,24,MIA,37,6,13.9,1.9,5.1,.369,0.9,3.2,.277,1.0,1.8,.529,.457,0.5,0.6,.870,0.2,0.9,1.1,1.4,0.5,0.1,0.7,1.6,5.2
483,Noah Vonleh\vonleno01,PF,25,BRK,4,0,2.8,0.0,0.8,.000,0.0,0.5,.000,0.0,0.3,.000,.000,0.0,0.0,,0.0,0.3,0.3,0.3,0.0,0.0,0.5,0.5,0.0
484,Nikola Vučević\vucevni01,C,30,TOT,54,54,33.7,9.7,20.1,.484,2.6,6.2,.409,7.2,13.9,.517,.547,2.0,2.4,.833,2.0,9.4,11.4,3.7,1.0,0.7,1.8,1.9,24.0
484,Nikola Vučević\vucevni01,C,30,ORL,44,44,34.1,9.9,20.6,.480,2.7,6.5,.406,7.3,14.1,.515,.545,2.1,2.5,.827,2.0,9.8,11.8,3.8,1.0,0.6,1.9,1.8,24.5
484,Nikola Vučević\vucevni01,C,30,CHI,10,10,31.8,8.9,17.7,.503,2.1,4.9,.429,6.8,12.8,.531,.562,1.9,2.2,.864,2.1,7.6,9.7,3.5,1.1,1.0,1.4,2.3,21.8
485,Dean Wade\wadede01,PF,24,CLE,45,12,16.9,2.0,4.6,.439,1.1,3.0,.372,0.9,1.5,.574,.563,0.4,0.5,.762,0.5,2.6,3.0,1.1,0.5,0.4,0.4,1.1,5.5
486,Moritz Wagner\wagnemo01,C,23,TOT,33,14,13.1,2.0,4.1,.489,0.5,1.5,.313,1.5,2.6,.586,.544,1.3,1.6,.778,0.5,2.3,2.8,1.2,0.7,0.2,0.8,2.1,5.7
486,Moritz Wagner\wagnemo01,C,23,WAS,25,13,15.0,2.5,4.9,.508,0.5,1.7,.310,2.0,3.2,.613,.561,1.6,2.1,.788,0.5,2.4,2.9,1.3,0.9,0.3,0.8,2.5,7.1
486,Moritz Wagner\wagnemo01,C,23,BOS,8,1,7.0,0.5,1.6,.308,0.3,0.8,.333,0.3,0.9,.286,.385,0.1,0.3,.500,0.4,1.9,2.3,0.8,0.0,0.0,0.8,1.0,1.4
487,Kemba Walker\walkeke02,PG,30,BOS,35,35,31.4,6.1,15.3,.397,2.7,8.1,.340,3.3,7.3,.461,.487,2.8,3.0,.942,0.3,3.5,3.8,5.1,1.1,0.3,2.1,1.3,17.7
488,Lonnie Walker\walkelo01,SG,22,SAS,40,30,25.6,4.4,10.2,.429,1.7,4.7,.364,2.7,5.5,.484,.512,1.1,1.3,.792,0.3,2.4,2.7,1.6,0.5,0.4,1.0,1.9,11.5
489,John Wall\walljo01,PG,30,HOU,35,35,32.1,7.3,18.1,.405,2.1,6.3,.333,5.2,11.8,.443,.463,3.8,5.2,.729,0.5,2.8,3.3,6.8,1.1,0.8,3.4,1.2,20.6
490,Brad Wanamaker\wanambr01,PG,31,TOT,47,0,16.7,1.8,4.9,.367,0.3,1.6,.211,1.4,3.3,.444,.402,1.4,1.5,.903,0.3,1.4,1.7,2.8,0.7,0.2,1.1,1.5,5.3
490,Brad Wanamaker\wanambr01,PG,31,GSW,39,0,16.0,1.6,4.4,.353,0.3,1.6,.213,1.2,2.9,.429,.390,1.3,1.4,.893,0.2,1.5,1.7,2.5,0.7,0.2,0.9,1.4,4.7
490,Brad Wanamaker\wanambr01,PG,31,CHO,8,0,20.3,2.9,7.0,.411,0.4,1.9,.200,2.5,5.1,.488,.438,1.9,2.0,.938,0.5,1.3,1.8,4.1,0.9,0.3,1.9,2.0,8.0
491,T.J. Warren\warretj01,SF,27,IND,4,4,29.3,6.8,12.8,.529,0.0,1.8,.000,6.8,11.0,.614,.529,2.0,2.5,.800,0.5,3.0,3.5,1.3,0.5,0.0,1.0,4.0,15.5
492,P.J. Washington\washipj01,PF,22,CHO,48,48,29.4,4.1,9.7,.426,1.4,3.8,.370,2.8,6.0,.462,.498,1.9,2.4,.791,1.4,5.0,6.4,2.7,1.0,1.3,2.1,2.7,11.6
493,Yuta Watanabe\watanyu01,SF,26,TOR,36,1,12.4,1.2,2.8,.412,0.5,1.4,.367,0.7,1.5,.453,.500,0.3,0.4,.786,0.8,2.3,3.2,0.6,0.5,0.4,0.3,1.0,3.1
494,Tremont Waters\watertr01,PG,23,BOS,15,1,7.5,0.8,2.4,.333,0.4,1.1,.353,0.4,1.3,.316,.417,0.7,0.8,.917,0.2,0.5,0.7,2.3,0.5,0.0,0.9,0.4,2.7
495,Paul Watson\watsopa01,SF,26,TOR,24,0,9.8,1.0,2.3,.455,0.8,1.8,.455,0.2,0.5,.455,.636,0.1,0.2,.500,0.1,1.3,1.5,0.5,0.2,0.1,0.3,1.3,3.0
496,Quinndary Weatherspoon\weathqu01,SG,24,SAS,15,0,4.7,0.3,1.0,.333,0.0,0.1,.000,0.3,0.9,.385,.333,0.5,0.5,.875,0.1,0.3,0.4,0.3,0.3,0.1,0.5,0.7,1.1
497,Russell Westbrook\westbru01,PG,32,WAS,46,46,35.3,8.2,18.8,.436,1.3,4.2,.309,6.9,14.6,.473,.471,4.0,6.4,.627,1.6,9.1,10.7,10.8,1.2,0.4,5.0,2.7,21.7
498,Coby White\whiteco01,PG,20,CHI,50,36,30.9,5.3,12.9,.410,2.1,6.2,.340,3.2,6.7,.475,.491,1.7,1.9,.906,0.4,3.8,4.2,4.4,0.5,0.2,2.2,2.6,14.4
499,Derrick White\whitede01,SG,26,SAS,28,24,29.3,5.0,12.3,.404,2.1,6.5,.320,2.9,5.8,.497,.488,2.6,3.0,.857,0.3,2.5,2.7,3.3,0.8,1.0,1.4,2.7,14.6
500,Hassan Whiteside\whiteha01,C,31,SAC,31,1,14.3,3.3,5.9,.560,0.0,0.0,.000,3.3,5.9,.563,.560,1.2,2.2,.529,1.6,4.1,5.7,0.5,0.2,1.3,1.1,1.8,7.8
501,Greg Whittington\whittgr01,PF,27,DEN,4,0,3.0,0.0,0.8,.000,0.0,0.5,.000,0.0,0.3,.000,.000,0.0,0.0,,0.0,0.0,0.0,0.0,0.0,0.0,0.0,0.0,0.0
502,Andrew Wiggins\wiggian01,PF,25,GSW,54,54,32.6,6.8,14.4,.473,2.0,5.2,.381,4.9,9.2,.525,.542,2.4,3.4,.694,1.0,3.8,4.8,2.3,1.0,1.0,1.9,2.2,18.0
503,Grant Williams\willigr01,PF,22,BOS,47,8,18.6,1.6,3.7,.436,0.8,2.0,.387,0.8,1.7,.494,.541,0.4,0.8,.528,0.8,2.1,2.9,1.0,0.6,0.4,0.9,2.6,4.4
504,Kenrich Williams\willike04,PF,26,OKC,54,10,20.7,3.1,5.8,.538,0.7,1.6,.437,2.4,4.2,.577,.599,0.5,0.9,.565,1.3,2.9,4.2,2.2,0.7,0.2,1.0,2.0,7.4
505,Lou Williams\willilo02,PG,34,TOT,50,3,22.2,4.4,10.4,.423,1.1,2.8,.397,3.3,7.5,.432,.477,2.3,2.6,.863,0.3,1.7,2.0,3.5,0.9,0.1,1.6,1.0,12.1
505,Lou Williams\willilo02,PG,34,LAC,42,3,21.9,4.3,10.2,.421,1.1,2.8,.378,3.2,7.4,.437,.473,2.5,2.8,.866,0.4,1.7,2.1,3.4,0.9,0.1,1.6,1.0,12.1
505,Lou Williams\willilo02,PG,34,ATL,8,0,24.0,4.8,11.0,.432,1.4,2.8,.500,3.4,8.3,.409,.494,1.3,1.5,.833,0.3,1.5,1.8,3.9,0.5,0.1,1.5,0.9,12.1
506,Patrick Williams\willipa01,PF,19,CHI,52,52,28.5,3.7,7.7,.475,0.8,2.1,.380,2.9,5.6,.510,.526,1.3,1.7,.767,1.0,3.7,4.6,1.3,0.9,0.7,1.4,2.0,9.4
507,Robert Williams\williro04,C,23,BOS,47,10,18.9,3.7,5.1,.720,0.0,0.0,.000,3.7,5.0,.726,.720,0.9,1.4,.646,2.6,4.4,7.0,1.8,0.8,1.8,1.0,2.1,8.2
508,Zion Williamson\willizi01,PF,20,NOP,49,49,32.9,10.3,16.6,.620,0.2,0.5,.360,10.1,16.1,.628,.625,6.1,8.7,.703,2.6,4.6,7.1,3.7,0.9,0.7,2.5,2.2,26.8
509,D.J. Wilson\wilsodj01,PF,24,TOT,25,0,10.5,1.6,3.9,.408,0.8,2.2,.382,0.8,1.7,.442,.515,0.3,0.4,.727,0.4,2.3,2.8,0.4,0.2,0.5,0.6,1.3,4.4
509,D.J. Wilson\wilsodj01,PF,24,MIL,12,0,8.8,1.3,3.6,.372,0.8,2.3,.357,0.5,1.3,.400,.488,0.1,0.2,.500,0.3,1.8,2.1,0.3,0.1,0.3,0.3,1.1,3.6
509,D.J. Wilson\wilsodj01,PF,24,HOU,13,0,12.1,1.8,4.2,.436,0.8,2.1,.407,1.0,2.2,.464,.536,0.5,0.7,.778,0.6,2.8,3.4,0.5,0.2,0.6,0.8,1.5,5.1
510,Dylan Windler\windldy01,SF,24,CLE,31,0,16.5,1.8,4.2,.438,0.8,2.5,.338,1.0,1.7,.585,.538,0.7,0.9,.778,0.6,2.8,3.5,1.1,0.6,0.4,1.0,1.2,5.2
511,Justise Winslow\winslju01,SF,24,MEM,16,0,21.1,3.1,9.1,.342,0.3,2.6,.122,2.8,6.6,.429,.360,0.6,1.0,.563,0.8,4.0,4.8,1.8,0.8,0.4,1.6,2.0,7.1
512,Cassius Winston\winstca01,PG,22,WAS,15,0,5.7,0.7,1.7,.385,0.5,1.0,.467,0.2,0.7,.273,.519,0.3,0.4,.833,0.0,0.6,0.6,0.7,0.1,0.1,0.1,0.5,2.1
513,James Wiseman\wisemja01,C,19,GSW,39,27,21.4,4.9,9.4,.519,0.3,1.0,.316,4.6,8.5,.542,.535,1.4,2.2,.628,1.4,4.4,5.8,0.7,0.3,0.9,1.5,3.1,11.5
514,Christian Wood\woodch01,C,25,HOU,31,31,31.8,8.2,15.3,.533,1.7,4.6,.375,6.4,10.7,.601,.589,3.0,4.6,.646,1.7,7.8,9.5,1.5,0.9,1.2,1.8,2.0,21.1
515,Robert Woodard\woodaro01,SF,21,SAC,11,0,2.6,0.6,1.3,.500,0.1,0.4,.250,0.5,0.9,.600,.536,0.3,0.7,.375,0.3,0.7,1.0,0.0,0.0,0.2,0.1,0.2,1.6
516,Delon Wright\wrighde01,SG-PG,28,TOT,45,31,27.4,3.5,7.8,.456,0.8,2.4,.352,2.7,5.4,.502,.510,1.9,2.3,.800,1.0,3.2,4.2,4.4,1.5,0.4,1.2,1.1,9.8
516,Delon Wright\wrighde01,SG,28,DET,36,31,29.2,3.8,8.1,.464,0.9,2.5,.348,2.9,5.7,.515,.517,2.0,2.5,.789,1.0,3.5,4.6,5.0,1.6,0.5,1.3,1.3,10.4
516,Delon Wright\wrighde01,PG,28,SAC,9,0,20.0,2.6,6.2,.411,0.8,2.1,.368,1.8,4.1,.432,.473,1.4,1.7,.867,0.9,1.8,2.7,1.8,1.1,0.0,0.8,0.7,7.3
517,Thaddeus Young\youngth01,PF,32,CHI,49,16,24.9,5.6,9.6,.585,0.1,0.6,.222,5.5,9.1,.607,.591,1.0,1.6,.620,2.4,4.0,6.4,4.3,1.2,0.6,2.0,2.4,12.4
518,Trae Young\youngtr01,PG,22,ATL,50,50,34.3,7.8,17.8,.435,2.3,6.5,.361,5.4,11.3,.478,.501,7.6,8.7,.867,0.6,3.3,4.0,9.5,0.8,0.2,4.3,1.9,25.4
519,Cody Zeller\zelleco01,C,28,CHO,34,20,21.5,3.6,6.9,.532,0.1,0.7,.125,3.6,6.1,.579,.539,1.7,2.3,.734,2.6,4.6,7.2,2.0,0.7,0.4,1.0,2.3,9.1
520,Ivica Zubac\zubaciv01,C,23,LAC,56,17,22.1,3.5,5.3,.652,0.0,0.1,.000,3.5,5.3,.659,.652,1.9,2.3,.806,2.7,4.6,7.3,1.2,0.4,0.9,1.1,2.5,8.8