Rk,Player,Pos,Age,Tm,G,GS,MP,FG,FGA,FG%,3P,3PA,3P%,2P,2PA,2P%,eFG%,FT,FTA,FT%,ORB,DRB,TRB,AST,STL,BLK,TOV,PF,PTS
1,Precious Achiuwa\achiupr01,PF,21,MIA,51,2,626,106,191,.555,0,0,,106,191,.555,.555,50,99,.505,66,114,180,25,17,26,38,81,262
2,Jaylen Adams\adamsja01,PG,24,MIL,7,0,18,1,8,.125,0,2,.000,1,6,.167,.125,0,0,,0,3,3,2,0,0,0,1,2
3,Steven Adams\adamsst01,C,27,NOP,50,50,1394,167,272,.614,0,3,.000,167,269,.621,.614,52,121,.430,194,251,445,95,49,33,73,101,386
4,Bam Adebayo\adebaba01,C,23,MIA,48,48,1609,345,610,.566,2,8,.250,343,602,.570,.567,219,271,.808,113,338,451,256,46,55,126,108,911
5,LaMarcus Aldridge\aldrila01,C,35,TOT,26,23,674,140,296,.473,31,80,.388,109,216,.505,.525,41,47,.872,19,99,118,49,11,29,27,47,352
5,LaMarcus Aldridge\aldrila01,C,35,SAS,21,18,544,115,248,.464,27,75,.360,88,173,.509,.518,31,37,.838,17,77,94,36,8,18,20,36,288
5,LaMarcus Aldridge\aldrila01,C,35,BRK,5,5,130,25,48,.521,4,5,.800,21,43,.488,.563,10,10,1.000,2,22,24,13,3,11,7,11,64
6,Ty-Shon Alexander\alexaty01,SG,22,PHO,8,0,23,1,8,.125,1,6,.167,0,2,.000,.188,1,2,.500,0,3,3,1,0,0,0,1,4
7,Nickeil Alexander-Walker\alexani01,SG,22,NOP,41,10,851,158,378,.418,65,187,.348,93,191,.487,.504,39,52,.750,10,116,126,81,40,21,57,77,420
8,Grayson Allen\allengr01,SG,25,MEM,39,27,966,135,318,.425,84,212,.396,51,106,.481,.557,58,64,.906,15,109,124,86,37,7,40,55,412
9,Jarrett Allen\allenja01,C,22,TOT,44,26,1262,209,330,.633,5,12,.417,204,318,.642,.641,152,216,.704,134,302,436,74,20,74,65,70,575
9,Jarrett Allen\allenja01,C,22,BRK,12,5,320,44,65,.677,0,0,,44,65,.677,.677,46,61,.754,38,87,125,20,7,19,22,21,134
9,Jarrett Allen\allenja01,C,22,CLE,32,21,942,165,265,.623,5,12,.417,160,253,.632,.632,106,155,.684,96,215,311,54,13,55,43,49,441
10,Al-Farouq Aminu\aminual01,PF,30,TOT,18,14,379,36,90,.400,7,32,.219,29,58,.500,.439,16,19,.842,20,76,96,29,17,9,27,24,95
10,Al-Farouq Aminu\aminual01,PF,30,ORL,17,14,367,36,89,.404,7,31,.226,29,58,.500,.444,14,17,.824,20,71,91,29,17,9,25,22,93
10,Al-Farouq Aminu\aminual01,PF,30,CHI,1,0,12,0,1,.000,0,1,.000,0,0,,.000,2,2,1.000,0,5,5,0,0,0,2,2,2
11,Kyle Anderson\anderky01,PF,27,MEM,50,50,1364,228,485,.470,69,190,.363,159,295,.539,.541,100,130,.769,38,255,293,176,64,38,67,83,625
12,Giannis Antetokounmpo\antetgi01,PF,26,MIL,45,45,1529,468,829,.565,51,169,.302,417,660,.632,.595,307,447,.687,80,432,512,277,51,60,169,129,1294
13,Kostas Antetokounmpo\antetko01,PF,23,LAL,12,0,41,3,7,.429,0,0,,3,7,.429,.429,3,7,.429,3,10,13,1,2,3,9,6,9
14,Thanasis Antetokounmpo\antetth01,SF,28,MIL,41,2,448,64,117,.547,7,23,.304,57,94,.606,.577,17,35,.486,44,58,102,34,16,9,35,58,152
15,Carmelo Anthony\anthoca01,PF,36,POR,53,3,1331,252,610,.413,92,241,.382,160,369,.434,.489,111,127,.874,26,144,170,83,39,34,53,114,707
16,Cole Anthony\anthoco01,PG,20,ORL,29,17,766,119,319,.373,29,97,.299,90,222,.405,.418,53,63,.841,26,105,131,114,19,13,56,60,320
17,OG Anunoby\anunoog01,SF,23,TOR,36,36,1187,192,406,.473,80,207,.386,112,199,.563,.571,61,81,.753,51,155,206,72,57,26,63,100,525
18,Ryan Arcidiacono\arcidry01,PG,26,CHI,31,0,333,33,87,.379,16,51,.314,17,36,.472,.471,12,16,.750,3,44,47,42,7,0,7,35,94
19,Trevor Ariza\arizatr01,SF,35,MIA,13,10,323,30,90,.333,14,50,.280,16,40,.400,.411,16,21,.762,6,44,50,20,9,8,6,19,90
20,D.J. Augustin\augusdj01,PG,33,TOT,51,6,981,110,286,.385,67,179,.374,43,107,.402,.502,69,74,.932,18,64,82,166,26,1,55,51,356
20,D.J. Augustin\augusdj01,PG,33,MIL,37,6,713,71,192,.370,49,129,.380,22,63,.349,.497,36,40,.900,11,39,50,110,20,1,34,33,227
20,D.J. Augustin\augusdj01,PG,33,HOU,14,0,268,39,94,.415,18,50,.360,21,44,.477,.511,33,34,.971,7,25,32,56,6,0,21,18,129
21,Deni Avdija\avdijde01,SF,20,WAS,49,27,1142,119,286,.416,51,157,.325,68,129,.527,.505,27,42,.643,20,220,240,59,27,12,31,132,316
22,Deandre Ayton\aytonde01,C,22,PHO,54,54,1649,351,566,.620,4,20,.200,347,546,.636,.624,105,140,.750,177,405,582,78,28,62,93,159,811
23,Udoka Azubuike\azubuud01,C,21,UTA,12,0,49,4,7,.571,0,0,,4,7,.571,.571,4,6,.667,4,9,13,0,1,4,3,8,12
24,Dwayne Bacon\bacondw01,SG,25,ORL,54,36,1376,205,521,.393,49,161,.304,156,360,.433,.440,97,116,.836,18,147,165,67,29,4,35,85,556
25,Marvin Bagley III\baglema01,PF,21,SAC,37,37,951,209,416,.502,34,96,.354,175,320,.547,.543,61,109,.560,91,184,275,35,18,19,49,90,513
26,LaMelo Ball\ballla01,PG,19,CHO,41,21,1174,237,526,.451,81,216,.375,156,310,.503,.528,97,123,.789,54,186,240,251,65,14,115,116,652
27,Lonzo Ball\balllo01,PG,23,NOP,41,41,1300,214,505,.424,127,331,.384,87,174,.500,.550,38,48,.792,25,146,171,234,57,23,84,83,593
28,Mo Bamba\bambamo01,C,22,ORL,32,0,394,84,173,.486,25,65,.385,59,108,.546,.558,20,33,.606,42,94,136,15,6,31,20,53,213
29,Desmond Bane\banede01,SG,22,MEM,48,11,1077,172,362,.475,84,185,.454,88,177,.497,.591,30,37,.811,18,132,150,73,32,10,46,93,458
30,Harrison Barnes\barneha02,PF,28,SAC,51,51,1845,271,556,.487,76,211,.360,195,345,.565,.556,175,212,.825,60,284,344,179,41,10,76,68,793
31,RJ Barrett\barrerj01,SG,20,NYK,55,55,1868,359,798,.450,76,201,.378,283,597,.474,.497,164,223,.735,57,258,315,166,42,14,108,141,958
32,Will Barton\bartowi01,SF,30,DEN,51,47,1602,241,558,.432,88,232,.379,153,326,.469,.511,81,104,.779,37,175,212,164,47,22,87,85,651
33,Keita Bates-Diop\bateske01,SF,25,SAS,17,0,123,13,35,.371,5,15,.333,8,20,.400,.443,7,10,.700,5,16,21,7,6,1,1,6,38
34,Nicolas Batum\batumni01,SF,32,LAC,53,38,1506,160,343,.466,95,227,.419,65,116,.560,.605,43,51,.843,44,219,263,124,59,27,44,86,458
35,Aron Baynes\baynear01,C,34,TOR,50,31,912,121,281,.431,22,93,.237,99,188,.527,.470,27,37,.730,83,171,254,43,15,20,43,113,291
36,Kent Bazemore\bazemke01,SF,31,GSW,52,3,905,118,267,.442,50,125,.400,68,142,.479,.536,38,54,.704,21,133,154,82,46,25,57,115,324
37,Darius Bazley\bazleda01,PF,20,OKC,38,38,1169,168,424,.396,58,195,.297,110,229,.480,.465,57,83,.687,23,257,280,59,19,23,73,34,451
38,Bradley Beal\bealbr01,SG,27,WAS,44,44,1551,481,992,.485,97,282,.344,384,710,.541,.534,305,341,.894,51,162,213,212,51,16,145,107,1364
39,Malik Beasley\beaslma01,SG,24,MIN,37,36,1214,264,600,.440,128,321,.399,136,279,.487,.547,68,80,.850,28,134,162,88,30,7,60,62,724
40,Jordan Bell\belljo01,C,26,WAS,3,1,50,5,15,.333,0,2,.000,5,13,.385,.333,0,0,,5,11,16,5,1,3,3,4,10
41,DeAndre' Bembry\bembrde01,SF,26,TOR,37,11,674,81,149,.544,9,33,.273,72,116,.621,.574,26,39,.667,23,75,98,74,31,14,44,59,197
42,Dāvis Bertāns\bertada01,PF,28,WAS,40,5,981,132,328,.402,116,293,.396,16,35,.457,.579,65,75,.867,15,103,118,35,25,9,25,98,445
43,Patrick Beverley\beverpa01,PG,32,LAC,31,31,726,82,190,.432,52,125,.416,30,65,.462,.568,33,41,.805,27,84,111,65,26,24,27,97,249
44,Saddiq Bey\beysa01,SF,21,DET,52,35,1306,189,460,.411,120,314,.382,69,146,.473,.541,84,95,.884,27,179,206,66,37,5,40,86,582
45,Tyler Bey\beyty01,SF,22,DAL,11,0,38,4,12,.333,0,1,.000,4,11,.364,.333,2,4,.500,5,8,13,1,0,1,0,4,10
46,Khem Birch\birchkh01,C,28,TOT,50,5,995,101,219,.461,5,23,.217,96,196,.490,.473,65,90,.722,122,133,255,53,34,29,25,69,272
46,Khem Birch\birchkh01,C,28,ORL,48,5,952,94,209,.450,4,21,.190,90,188,.479,.459,63,85,.741,117,126,243,53,32,28,23,67,255
46,Khem Birch\birchkh01,C,28,TOR,2,0,43,7,10,.700,1,2,.500,6,8,.750,.750,2,5,.400,5,7,12,0,2,1,2,2,17
47,Goga Bitadze\bitadgo01,C,21,IND,34,1,373,64,138,.464,12,49,.245,52,89,.584,.507,25,35,.714,44,57,101,23,7,40,13,63,165
48,Bismack Biyombo\biyombi01,C,28,CHO,49,29,1038,111,191,.581,0,1,.000,111,190,.584,.581,41,85,.482,100,158,258,64,13,55,50,112,263
49,Nemanja Bjelica\bjeline01,PF,32,TOT,33,1,520,78,174,.448,20,74,.270,58,100,.580,.506,33,45,.733,25,90,115,58,10,4,31,62,209
49,Nemanja Bjelica\bjeline01,PF,32,SAC,26,1,439,69,150,.460,17,58,.293,52,92,.565,.517,32,42,.762,24,76,100,49,8,2,28,48,187
49,Nemanja Bjelica\bjeline01,PF,32,MIA,7,0,81,9,24,.375,3,16,.188,6,8,.750,.438,1,3,.333,1,14,15,9,2,2,3,14,22
50,Eric Bledsoe\bledser01,SG,31,NOP,53,52,1601,220,539,.408,96,273,.352,124,266,.466,.497,95,132,.720,22,160,182,203,38,16,87,86,631
51,Keljin Blevins\blevike01,SF,25,POR,10,0,51,2,14,.143,0,5,.000,2,9,.222,.143,0,0,,0,2,2,4,2,0,3,4,4
52,Bogdan Bogdanović\bogdabo01,SG,28,ATL,30,13,818,151,334,.452,80,195,.410,71,139,.511,.572,27,30,.900,17,91,108,87,25,8,34,64,409
53,Bojan Bogdanović\bogdabo02,SF,31,UTA,55,55,1671,274,654,.419,131,341,.384,143,313,.457,.519,157,181,.867,31,189,220,100,28,3,79,89,836
54,Bol Bol\bolbo01,PF,21,DEN,22,2,112,19,39,.487,9,19,.474,10,20,.500,.603,5,9,.556,0,16,16,6,2,8,9,12,52
55,Marques Bolden\boldema01,C,22,CLE,6,0,29,1,3,.333,0,0,,1,3,.333,.333,5,8,.625,3,3,6,0,2,2,2,0,7
56,Jordan Bone\bonejo01,PG,23,ORL,14,0,196,23,54,.426,10,32,.313,13,22,.591,.519,0,0,,4,20,24,18,2,0,3,11,56
57,Isaac Bonga\bongais01,SF,21,WAS,33,7,371,26,68,.382,12,39,.308,14,29,.483,.471,3,6,.500,17,44,61,20,9,8,17,54,67
58,Devin Booker\bookede01,SG,24,PHO,50,50,1689,470,960,.490,103,293,.352,367,667,.550,.543,243,282,.862,19,189,208,227,43,14,164,143,1286
59,Chris Boucher\bouchch01,C,28,TOR,55,10,1305,263,509,.517,80,209,.383,183,300,.610,.595,138,176,.784,105,254,359,58,32,107,41,150,744
60,Brian Bowen\bowenbr02,SF,22,IND,5,0,12,1,3,.333,0,0,,1,3,.333,.333,1,1,1.000,0,2,2,0,0,0,0,1,3
61,Avery Bradley\bradlav01,SG,30,TOT,19,3,413,51,123,.415,25,71,.352,26,52,.500,.516,10,13,.769,5,35,40,30,11,2,16,43,137
61,Avery Bradley\bradlav01,SG,30,MIA,10,1,211,31,66,.470,16,38,.421,15,28,.536,.591,7,9,.778,2,16,18,14,7,1,9,26,85
61,Avery Bradley\bradlav01,SG,30,HOU,9,2,202,20,57,.351,9,33,.273,11,24,.458,.430,3,4,.750,3,19,22,16,4,1,7,17,52
62,Tony Bradley\bradlto01,C,23,TOT,29,8,466,84,128,.656,0,3,.000,84,125,.672,.656,19,28,.679,59,110,169,27,9,22,19,45,187
62,Tony Bradley\bradlto01,C,23,PHI,20,8,287,51,75,.680,0,1,.000,51,74,.689,.680,7,11,.636,39,65,104,17,6,13,6,28,109
62,Tony Bradley\bradlto01,C,23,OKC,9,0,179,33,53,.623,0,2,.000,33,51,.647,.623,12,17,.706,20,45,65,10,3,9,13,17,78
63,Jarrell Brantley\brantja01,PF,24,UTA,18,0,79,15,30,.500,7,18,.389,8,12,.667,.617,2,2,1.000,6,13,19,5,3,1,2,12,39
64,Ignas Brazdeikis\brazdig01,SF,22,TOT,5,0,15,0,4,.000,0,1,.000,0,3,.000,.000,2,2,1.000,1,3,4,1,0,0,1,0,2
64,Ignas Brazdeikis\brazdig01,SF,22,NYK,4,0,7,0,1,.000,0,0,,0,1,.000,.000,2,2,1.000,1,1,2,1,0,0,1,0,2
64,Ignas Brazdeikis\brazdig01,SF,22,PHI,1,0,8,0,3,.000,0,1,.000,0,2,.000,.000,0,0,,0,2,2,0,0,0,0,0,0
65,Mikal Bridges\bridgmi01,SF,24,PHO,54,54,1730,261,500,.522,92,227,.405,169,273,.619,.614,83,101,.822,62,185,247,119,49,47,43,86,697
66,Miles Bridges\bridgmi02,PF,22,CHO,53,7,1462,211,420,.502,74,194,.381,137,226,.606,.590,70,80,.875,68,239,307,107,34,37,85,111,566
67,Oshae Brissett\brissos01,SF,22,IND,3,0,6,1,2,.500,0,1,.000,1,1,1.000,.500,0,0,,0,2,2,0,1,0,0,0,2
68,Malcolm Brogdon\brogdma01,PG,28,IND,47,47,1653,379,824,.460,126,315,.400,253,509,.497,.536,118,137,.861,42,185,227,277,47,10,97,93,1002
69,Armoni Brooks\brookar01,SG,22,HOU,2,0,17,5,8,.625,4,7,.571,1,1,1.000,.875,0,0,,0,2,2,0,0,0,1,0,14
70,Dillon Brooks\brookdi01,SF,25,MEM,49,49,1444,303,739,.410,93,272,.342,210,467,.450,.473,106,128,.828,39,104,143,116,59,18,88,168,805
71,Bruce Brown\brownbr01,PG,24,BRK,50,31,1098,172,322,.534,11,45,.244,161,277,.581,.551,63,84,.750,81,162,243,78,43,18,43,110,418
72,Jaylen Brown\brownja02,SG,24,BOS,51,51,1742,466,959,.486,139,350,.397,327,609,.537,.558,166,221,.751,63,229,292,176,62,29,136,148,1237
73,Moses Brown\brownmo01,C,21,OKC,25,14,516,82,148,.554,0,0,,82,148,.554,.554,53,86,.616,81,134,215,4,14,27,22,50,217
74,Sterling Brown\brownst02,SG,25,HOU,51,14,1229,150,335,.448,91,215,.423,59,120,.492,.584,25,31,.806,38,186,224,72,38,12,41,97,416
75,Troy Brown Jr.\browntr01,SF,21,TOT,30,0,453,52,130,.400,21,66,.318,31,64,.484,.481,14,20,.700,18,76,94,28,8,6,19,45,139
75,Troy Brown Jr.\browntr01,SF,21,WAS,21,0,287,33,89,.371,14,46,.304,19,43,.442,.449,10,15,.667,11,50,61,19,3,4,16,29,90
75,Troy Brown Jr.\browntr01,SF,21,CHI,9,0,166,19,41,.463,7,20,.350,12,21,.571,.549,4,5,.800,7,26,33,9,5,2,3,16,49
76,Jalen Brunson\brunsja01,PG,24,DAL,49,11,1255,236,451,.523,60,153,.392,176,298,.591,.590,97,123,.789,19,155,174,164,26,0,63,84,629
77,Thomas Bryant\bryanth01,C,23,WAS,10,10,271,59,91,.648,9,21,.429,50,70,.714,.698,16,24,.667,18,43,61,15,4,8,11,31,143
78,Reggie Bullock\bullore01,SF,29,NYK,48,47,1330,165,389,.424,106,269,.394,59,120,.492,.560,31,35,.886,11,147,158,65,39,8,33,105,467
79,Trey Burke\burketr01,PG,28,DAL,49,0,700,118,266,.444,47,130,.362,71,136,.522,.532,34,40,.850,5,38,43,66,27,3,25,49,317
80,Alec Burks\burksal01,SG,29,NYK,43,5,1112,177,432,.410,85,211,.403,92,221,.416,.508,93,108,.861,19,172,191,95,29,12,44,89,532
81,Jimmy Butler\butleji01,SF,31,MIA,39,39,1317,278,563,.494,19,80,.238,259,483,.536,.511,261,306,.853,74,207,281,279,80,15,84,55,836
82,Bruno Caboclo\cabocbr01,PF,25,HOU,6,0,36,8,17,.471,0,5,.000,8,12,.667,.471,1,2,.500,3,11,14,1,0,2,4,6,17
83,Devontae Cacok\cacokde01,PF,24,LAL,15,1,76,16,25,.640,0,0,,16,25,.640,.640,3,7,.429,10,18,28,1,5,4,4,7,35
84,Kentavious Caldwell-Pope\caldwke01,SG,27,LAL,51,51,1380,157,366,.429,84,202,.416,73,164,.445,.544,63,74,.851,23,114,137,84,38,17,55,83,461
85,Facundo Campazzo\campafa01,PG,29,DEN,48,4,897,75,195,.385,51,135,.378,24,60,.400,.515,41,49,.837,13,61,74,135,49,10,46,94,242
86,Vlatko Čančar\cancavl01,PF,23,DEN,28,0,157,15,36,.417,5,19,.263,10,17,.588,.486,5,6,.833,5,24,29,8,8,2,10,13,40
87,Devin Cannady\cannade01,PG,24,ORL,3,0,13,3,7,.429,2,5,.400,1,2,.500,.571,6,7,.857,0,0,0,0,1,1,0,2,14
88,Clint Capela\capelca01,C,26,ATL,48,48,1445,318,530,.600,0,0,,318,530,.600,.600,102,172,.593,224,459,683,41,33,106,60,110,738
89,Vernon Carey Jr.\careyve01,C,19,CHO,10,0,33,3,8,.375,0,4,.000,3,4,.750,.375,2,3,.667,2,8,10,1,0,2,3,2,8
90,Jevon Carter\carteje01,PG,25,PHO,42,0,448,52,133,.391,33,94,.351,19,39,.487,.515,2,2,1.000,10,51,61,50,17,8,8,43,139
91,Wendell Carter Jr.\cartewe01,C,21,TOT,41,31,1036,176,337,.522,10,35,.286,166,302,.550,.537,107,144,.743,96,229,325,86,27,34,64,116,469
91,Wendell Carter Jr.\cartewe01,C,21,CHI,32,25,792,129,252,.512,8,22,.364,121,230,.526,.528,82,111,.739,70,180,250,69,18,24,49,96,348
91,Wendell Carter Jr.\cartewe01,C,21,ORL,9,6,244,47,85,.553,2,13,.154,45,72,.625,.565,25,33,.758,26,49,75,17,9,10,15,20,121
92,Michael Carter-Williams\cartemi01,SG,29,ORL,30,24,773,99,258,.384,14,58,.241,85,200,.425,.411,47,76,.618,38,93,131,126,24,16,67,80,259
93,Alex Caruso\carusal01,PG,26,LAL,45,0,923,94,219,.429,44,104,.423,50,115,.435,.530,36,55,.655,23,111,134,117,52,10,55,80,268
94,Willie Cauley-Stein\caulewi01,C,27,DAL,36,11,609,79,128,.617,1,8,.125,78,120,.650,.621,33,50,.660,40,112,152,26,11,28,17,83,192
95,Chris Chiozza\chiozch01,PG,25,BRK,22,1,232,31,88,.352,13,42,.310,18,46,.391,.426,13,17,.765,3,21,24,65,7,6,16,19,88
96,Marquese Chriss\chrisma01,PF,23,GSW,2,0,27,5,14,.357,1,5,.200,4,9,.444,.393,2,4,.500,3,10,13,2,0,2,2,3,13
97,Gary Clark\clarkga01,SF,26,TOT,37,11,641,40,131,.305,31,108,.287,9,23,.391,.424,8,10,.800,33,80,113,30,12,7,17,34,119
97,Gary Clark\clarkga01,SF,26,ORL,35,11,637,40,131,.305,31,108,.287,9,23,.391,.424,8,10,.800,33,79,112,30,12,7,17,34,119
97,Gary Clark\clarkga01,SF,26,DEN,2,0,4,0,0,,0,0,,0,0,,,0,0,,0,1,1,0,0,0,0,0,0
98,Brandon Clarke\clarkbr01,PF,24,MEM,44,16,1119,209,404,.517,19,62,.306,190,342,.556,.541,62,93,.667,70,175,245,74,46,37,25,67,499
99,Jordan Clarkson\clarkjo01,SG,28,UTA,51,0,1296,318,754,.422,154,441,.349,164,313,.524,.524,85,89,.955,39,161,200,110,44,8,87,76,875
100,Nicolas Claxton\claxtni01,C,21,BRK,22,1,394,67,113,.593,1,4,.250,66,109,.606,.597,22,44,.500,31,75,106,23,14,28,12,45,157
101,Amir Coffey\coffeam01,SG,23,LAC,37,0,277,36,75,.480,20,45,.444,16,30,.533,.613,11,19,.579,6,22,28,15,7,0,11,13,103
102,John Collins\collijo01,PF,23,ATL,47,47,1422,333,611,.545,60,158,.380,273,453,.603,.594,129,154,.838,98,267,365,65,25,49,57,152,855
103,Mike Conley\conlemi01,PG,33,UTA,44,44,1312,251,557,.451,123,296,.416,128,261,.490,.561,102,119,.857,33,118,151,246,59,7,82,86,727
104,Pat Connaughton\connapa01,SG,28,MIL,50,3,1152,121,272,.445,70,181,.387,51,91,.560,.574,25,34,.735,51,189,240,67,35,18,23,74,337
105,Quinn Cook\cookqu01,PG,27,TOT,23,0,157,29,68,.426,11,26,.423,18,42,.429,.507,7,8,.875,2,15,17,18,4,1,7,10,76
105,Quinn Cook\cookqu01,PG,27,LAL,16,0,62,12,26,.462,5,13,.385,7,13,.538,.558,4,5,.800,0,5,5,5,1,1,3,2,33
105,Quinn Cook\cookqu01,PG,27,CLE,7,0,95,17,42,.405,6,13,.462,11,29,.379,.476,3,3,1.000,2,10,12,13,3,0,4,8,43
106,Tyler Cook\cookty01,SF-PF,23,TOT,16,0,165,20,33,.606,0,0,,20,33,.606,.606,6,12,.500,11,22,33,8,4,0,9,18,46
106,Tyler Cook\cookty01,PF,23,BRK,4,0,17,1,3,.333,0,0,,1,3,.333,.333,0,0,,1,1,2,2,0,0,1,2,2
106,Tyler Cook\cookty01,SF,23,DET,12,0,148,19,30,.633,0,0,,19,30,.633,.633,6,12,.500,10,21,31,6,4,0,8,16,44
107,DeMarcus Cousins\couside01,C,30,TOT,27,11,519,83,216,.384,40,117,.342,43,99,.434,.477,45,63,.714,32,165,197,62,22,18,43,78,251
107,DeMarcus Cousins\couside01,C,30,HOU,25,11,506,79,210,.376,39,116,.336,40,94,.426,.469,44,59,.746,30,161,191,60,21,18,39,74,241
107,DeMarcus Cousins\couside01,C,30,LAC,2,0,13,4,6,.667,1,1,1.000,3,5,.600,.750,1,4,.250,2,4,6,2,1,0,4,4,10
108,Robert Covington\covinro01,PF,30,POR,52,52,1676,164,397,.413,107,279,.384,57,118,.483,.548,38,47,.809,41,304,345,89,81,67,56,143,473
109,Torrey Craig\craigto01,SF,30,TOT,32,0,424,53,111,.477,20,51,.392,33,60,.550,.568,6,10,.600,27,74,101,29,20,12,12,48,132
109,Torrey Craig\craigto01,SF,30,MIL,18,0,201,18,46,.391,8,22,.364,10,24,.417,.478,1,2,.500,13,30,43,16,9,7,5,24,45
109,Torrey Craig\craigto01,SF,30,PHO,14,0,223,35,65,.538,12,29,.414,23,36,.639,.631,5,8,.625,14,44,58,13,11,5,7,24,87
110,Jae Crowder\crowdja01,PF,30,PHO,51,36,1419,172,420,.410,125,321,.389,47,99,.475,.558,51,65,.785,24,225,249,109,42,20,48,98,520
111,Jarrett Culver\culveja01,SG,21,MIN,32,7,491,68,165,.412,13,51,.255,55,114,.482,.452,29,48,.604,34,70,104,22,17,9,28,57,178
112,Seth Curry\curryse01,SG,30,PHI,43,43,1246,190,426,.446,85,207,.411,105,219,.479,.546,59,66,.894,8,84,92,124,34,8,54,74,524
113,Stephen Curry\curryst01,PG,32,GSW,46,46,1563,459,946,.485,224,538,.416,235,408,.576,.604,257,278,.924,24,231,255,272,60,4,148,82,1399
114,Nate Darling\darlina01,SG,22,CHO,6,0,24,2,7,.286,2,7,.286,0,0,,.429,3,3,1.000,1,0,1,1,0,1,1,1,9
115,Anthony Davis\davisan02,PF,27,LAL,23,23,755,204,383,.533,17,58,.293,187,325,.575,.555,93,130,.715,47,146,193,70,31,41,45,42,518
116,Ed Davis\davised01,C,31,MIN,20,7,275,18,43,.419,0,0,,18,43,.419,.419,9,10,.900,45,62,107,20,12,12,6,50,45
117,Terence Davis\daviste02,SG,23,TOT,43,4,660,112,277,.404,58,168,.345,54,109,.495,.509,22,27,.815,12,75,87,48,25,10,39,61,304
117,Terence Davis\daviste02,SG,23,TOR,34,4,493,87,210,.414,44,122,.361,43,88,.489,.519,16,18,.889,9,57,66,37,17,7,29,48,234
117,Terence Davis\daviste02,SG,23,SAC,9,0,167,25,67,.373,14,46,.304,11,21,.524,.478,6,9,.667,3,18,21,11,8,3,10,13,70
118,Matthew Dellavedova\dellama01,PG,30,CLE,6,1,121,8,32,.250,2,14,.143,6,18,.333,.281,2,2,1.000,5,10,15,32,2,0,4,8,20
119,DeMar DeRozan\derozde01,PF,31,SAS,45,45,1522,329,663,.496,18,63,.286,311,600,.518,.510,276,313,.882,30,164,194,319,41,11,86,88,952
120,Mamadi Diakite\diakima01,PF,24,MIL,9,0,85,10,24,.417,1,6,.167,9,18,.500,.438,6,6,1.000,6,18,24,5,2,4,2,9,27
121,Hamidou Diallo\diallha01,SG-SF,22,TOT,41,5,951,178,366,.486,19,56,.339,159,310,.513,.512,102,156,.654,47,158,205,89,37,17,60,104,477
121,Hamidou Diallo\diallha01,SG,22,OKC,32,5,761,143,297,.481,12,41,.293,131,256,.512,.502,83,132,.629,37,128,165,77,31,12,49,83,381
121,Hamidou Diallo\diallha01,SF,22,DET,9,0,190,35,69,.507,7,15,.467,28,54,.519,.558,19,24,.792,10,30,40,12,6,5,11,21,96
122,Gorgui Dieng\dienggo01,C,31,TOT,25,1,395,58,115,.504,24,52,.462,34,63,.540,.609,42,49,.857,28,72,100,29,19,14,24,43,182
122,Gorgui Dieng\dienggo01,C,31,MEM,22,1,371,56,108,.519,23,48,.479,33,60,.550,.625,38,43,.884,28,70,98,29,17,14,22,38,173
122,Gorgui Dieng\dienggo01,C,31,SAS,3,0,24,2,7,.286,1,4,.250,1,3,.333,.357,4,6,.667,0,2,2,0,2,0,2,5,9
123,Spencer Dinwiddie\dinwisp01,SG,27,BRK,3,3,64,6,16,.375,2,7,.286,4,9,.444,.438,6,6,1.000,0,13,13,9,2,1,5,4,20
124,Donte DiVincenzo\divindo01,SG,24,MIL,51,51,1405,201,482,.417,103,268,.384,98,214,.458,.524,39,54,.722,63,222,285,158,61,9,72,82,544
125,Luka Dončić\doncilu01,PG,21,DAL,48,48,1682,488,1005,.486,143,391,.366,345,614,.562,.557,252,341,.739,38,345,383,411,46,29,208,105,1371
126,Luguentz Dort\dortlu01,SG,21,OKC,43,43,1268,199,502,.396,89,260,.342,110,242,.455,.485,85,116,.733,29,124,153,68,40,16,63,106,572
127,Damyean Dotson\dotsoda01,SG,26,CLE,35,6,658,87,221,.394,32,115,.278,55,106,.519,.466,22,32,.688,5,65,70,74,14,4,28,31,228
128,Devon Dotson\dotsode01,PG,21,CHI,3,0,15,2,4,.500,0,0,,2,4,.500,.500,0,0,,1,1,2,0,1,0,0,1,4
129,Sekou Doumbouya\doumbse01,PF,20,DET,45,2,588,65,188,.346,20,83,.241,45,105,.429,.399,28,36,.778,24,72,96,26,19,5,31,70,178
130,PJ Dozier\doziepj01,SG,24,DEN,39,0,775,98,236,.415,33,97,.340,65,139,.468,.485,35,57,.614,28,114,142,61,22,16,32,69,264
131,Goran Dragić\dragigo01,PG,34,MIA,35,10,932,163,377,.432,54,163,.331,109,214,.509,.504,75,91,.824,12,106,118,156,20,6,90,80,455
132,Andre Drummond\drumman01,C,27,TOT,30,30,835,198,420,.471,0,8,.000,198,412,.481,.471,87,145,.600,114,269,383,70,47,32,96,89,483
132,Andre Drummond\drumman01,C,27,CLE,25,25,722,180,380,.474,0,8,.000,180,372,.484,.474,77,129,.597,101,236,337,64,40,29,81,69,437
132,Andre Drummond\drumman01,C,27,LAL,5,5,113,18,40,.450,0,0,,18,40,.450,.450,10,16,.625,13,33,46,6,7,3,15,20,46
133,Jared Dudley\dudleja01,PF,35,LAL,11,0,76,2,7,.286,2,5,.400,0,2,.000,.429,0,0,,4,15,19,5,1,1,2,7,6
134,Kevin Durant\duranke01,PF,32,BRK,22,20,749,212,396,.535,56,125,.448,156,271,.576,.606,141,161,.876,9,148,157,114,14,29,85,45,621
135,Anthony Edwards\edwaran01,SG,19,MIN,55,38,1725,362,909,.398,117,375,.312,245,534,.459,.463,151,191,.791,47,198,245,144,60,24,118,93,992
136,Carsen Edwards\edwarca01,SG,22,BOS,22,1,195,38,82,.463,13,43,.302,25,39,.641,.543,7,9,.778,2,17,19,10,5,1,3,21,96
137,CJ Elleby\ellebcj01,SF,20,POR,21,0,153,19,49,.388,6,27,.222,13,22,.591,.449,7,11,.636,8,14,22,4,6,3,3,20,51
138,Henry Ellenson\ellenhe01,PF,24,TOR,2,0,38,5,14,.357,2,9,.222,3,5,.600,.429,3,4,.750,3,9,12,5,0,0,0,7,15
139,Wayne Ellington\ellinwa01,SG,33,DET,39,29,867,131,293,.447,100,236,.424,31,57,.544,.618,26,33,.788,10,62,72,57,15,9,27,55,388
140,Joel Embiid\embiijo01,C,26,PHI,36,36,1156,333,641,.520,41,107,.383,292,534,.547,.551,357,419,.852,76,319,395,111,38,53,113,89,1064
141,James Ennis\ennisja01,SF,30,ORL,37,33,887,103,218,.472,38,91,.418,65,127,.512,.560,62,76,.816,41,109,150,56,31,6,33,76,306
142,Drew Eubanks\eubandr01,C,23,SAS,34,0,442,61,118,.517,1,1,1.000,60,117,.513,.521,39,55,.709,32,94,126,27,8,33,27,47,162
143,Dante Exum\exumda01,SG,25,CLE,6,3,116,10,26,.385,2,11,.182,8,15,.533,.423,1,2,.500,2,15,17,13,4,2,7,9,23
144,Tacko Fall\fallta01,C,25,BOS,15,0,100,18,24,.750,0,0,,18,24,.750,.750,4,13,.308,11,27,38,2,1,12,4,16,40
145,Derrick Favors\favorde01,C,29,UTA,53,0,823,124,199,.623,0,1,.000,124,198,.626,.623,54,73,.740,112,178,290,40,27,55,31,119,302
146,Cristiano Felício\feliccr01,C,28,CHI,10,0,45,3,4,.750,0,0,,3,4,.750,.750,6,10,.600,6,7,13,5,2,0,3,3,12
147,Terrance Ferguson\fergute01,SG,22,PHI,13,0,49,1,7,.143,0,5,.000,1,2,.500,.143,0,0,,0,1,1,2,1,0,4,7,2
148,Bruno Fernando\fernabr01,C,22,ATL,26,0,178,12,28,.429,0,2,.000,12,26,.462,.429,12,18,.667,13,51,64,9,2,3,18,20,36
149,Yogi Ferrell\ferreyo01,PG,27,CLE,2,0,40,8,21,.381,3,9,.333,5,12,.417,.452,0,2,.000,3,4,7,5,3,1,3,4,19
150,Dorian Finney-Smith\finnedo01,PF,27,DAL,42,42,1346,139,317,.438,75,207,.362,64,110,.582,.557,24,30,.800,72,164,236,67,36,19,26,104,377
151,Malik Fitts\fittsma01,PF,23,LAC,2,0,4,0,1,.000,0,1,.000,0,0,,.000,0,0,,0,2,2,0,0,0,0,2,0
152,Malachi Flynn\flynnma01,PG,22,TOR,30,3,472,58,161,.360,24,79,.304,34,82,.415,.435,12,17,.706,4,51,55,69,21,5,23,34,152
153,Bryn Forbes\forbebr01,SG,27,MIL,52,7,993,175,386,.453,111,247,.449,64,139,.460,.597,30,40,.750,8,62,70,32,17,0,30,56,491
154,Trent Forrest\forretr01,PG,22,UTA,15,0,87,7,16,.438,0,3,.000,7,13,.538,.438,2,2,1.000,0,7,7,18,4,1,7,5,16
155,Evan Fournier\fournev01,SF-SG,28,TOT,30,26,902,186,407,.457,84,211,.398,102,196,.520,.560,101,127,.795,5,77,82,102,32,12,58,65,557
155,Evan Fournier\fournev01,SF,28,ORL,26,26,787,170,369,.461,73,188,.388,97,181,.536,.560,98,123,.797,5,70,75,95,27,9,54,55,511
155,Evan Fournier\fournev01,SG,28,BOS,4,0,115,16,38,.421,11,23,.478,5,15,.333,.566,3,4,.750,0,7,7,7,5,3,4,10,46
156,De'Aaron Fox\foxde01,PG,23,SAC,53,53,1853,480,1003,.479,99,301,.329,381,702,.543,.528,268,380,.705,28,154,182,378,74,25,162,158,1327
157,Robert Franks\frankro01,PF,24,ORL,1,0,15,1,1,1.000,1,1,1.000,0,0,,1.500,1,2,.500,2,2,4,1,0,0,2,2,4
158,Tim Frazier\fraziti01,PG,30,MEM,3,0,33,2,8,.250,0,2,.000,2,6,.333,.250,0,0,,0,4,4,7,1,0,3,4,4
159,Markelle Fultz\fultzma01,PG,22,ORL,8,8,215,41,104,.394,4,16,.250,37,88,.420,.413,17,19,.895,5,20,25,43,8,2,18,18,103
160,Wenyen Gabriel\gabriwe01,PF,23,NOP,9,0,42,2,11,.182,1,5,.200,1,6,.167,.227,2,4,.500,7,7,14,5,1,0,7,2,7
161,Daniel Gafford\gaffoda01,PF-C,22,TOT,35,11,446,80,114,.702,0,0,,80,114,.702,.702,35,52,.673,51,72,123,19,14,40,26,57,195
161,Daniel Gafford\gaffoda01,PF,22,CHI,31,11,383,60,87,.690,0,0,,60,87,.690,.690,27,41,.659,44,59,103,17,11,34,22,54,147
161,Daniel Gafford\gaffoda01,C,22,WAS,4,0,63,20,27,.741,0,0,,20,27,.741,.741,8,11,.727,7,13,20,2,3,6,4,3,48
162,Danilo Gallinari\gallida01,PF,32,ATL,39,4,935,157,369,.425,83,204,.407,74,165,.448,.538,125,134,.933,11,147,158,55,22,7,38,80,522
163,Langston Galloway\gallola01,SG,29,PHO,34,0,377,57,121,.471,32,71,.451,25,50,.500,.603,17,17,1.000,5,30,35,24,6,0,11,23,163
164,Darius Garland\garlada01,PG,21,CLE,43,40,1431,280,625,.448,80,199,.402,200,426,.469,.512,86,101,.851,20,82,102,253,50,4,131,94,726
165,Marc Gasol\gasolma01,C,36,LAL,43,41,838,73,170,.429,39,105,.371,34,65,.523,.544,33,44,.750,31,143,174,89,23,53,50,98,218
166,Rudy Gay\gayru01,PF,34,SAS,45,0,978,183,443,.413,75,192,.391,108,251,.430,.498,59,75,.787,35,190,225,67,34,24,49,85,500
167,Paul George\georgpa01,SF,30,LAC,42,42,1411,346,723,.479,137,311,.441,209,412,.507,.573,150,167,.898,36,224,260,230,49,18,132,99,979
168,Taj Gibson\gibsota01,PF,35,NYK,28,1,567,52,92,.565,3,14,.214,49,78,.628,.582,30,43,.698,57,89,146,19,23,26,18,60,137
169,Harry Giles\gilesha01,C,22,POR,30,0,308,32,75,.427,7,15,.467,25,60,.417,.473,15,22,.682,29,89,118,23,6,10,18,50,86
170,Shai Gilgeous-Alexander\gilgesh01,SG,22,OKC,35,35,1180,287,565,.508,71,170,.418,216,395,.547,.571,185,229,.808,19,147,166,207,27,23,106,70,830
171,Anthony Gill\gillan01,PF,28,WAS,17,1,92,7,20,.350,2,12,.167,5,8,.625,.400,4,5,.800,9,18,27,4,4,2,4,10,20
172,Freddie Gillespie\gillefr01,PF,23,TOR,3,0,39,5,8,.625,0,0,,5,8,.625,.625,0,0,,2,4,6,1,3,2,1,4,10
173,Rudy Gobert\goberru01,C,28,UTA,55,55,1705,301,451,.667,0,3,.000,301,448,.672,.667,192,311,.617,186,550,736,73,29,156,89,128,794
174,Brandon Goodwin\goodwbr01,PG,25,ATL,36,3,442,62,161,.385,27,76,.355,35,85,.412,.469,20,30,.667,6,41,47,67,14,0,25,30,171
175,Aaron Gordon\gordoaa01,PF,25,TOT,34,34,987,169,365,.463,49,135,.363,120,230,.522,.530,79,123,.642,47,158,205,128,24,27,76,64,466
175,Aaron Gordon\gordoaa01,PF,25,ORL,25,25,736,128,293,.437,42,112,.375,86,181,.475,.509,66,105,.629,39,127,166,105,16,20,67,49,364
175,Aaron Gordon\gordoaa01,PF,25,DEN,9,9,251,41,72,.569,7,23,.304,34,49,.694,.618,13,18,.722,8,31,39,23,8,7,9,15,102
176,Eric Gordon\gordoer01,SG,32,HOU,27,13,789,159,367,.433,69,210,.329,90,157,.573,.527,94,114,.825,8,50,58,71,14,13,51,44,481
177,Devonte' Graham\grahade01,PG,25,CHO,43,37,1276,192,509,.377,132,353,.374,60,156,.385,.507,93,113,.823,17,99,116,221,45,4,67,55,609
178,Jerami Grant\grantje01,SF,26,DET,48,48,1651,357,832,.429,108,301,.359,249,531,.469,.494,258,302,.854,34,197,231,138,33,53,96,111,1080
179,Danny Green\greenda02,SF,33,PHI,53,53,1499,177,420,.421,138,333,.414,39,87,.448,.586,21,29,.724,41,155,196,89,67,46,57,95,513
180,Draymond Green\greendr01,PF,30,GSW,46,46,1407,114,273,.418,25,93,.269,89,180,.494,.463,49,63,.778,43,254,297,386,73,34,132,146,302
181,JaMychal Green\greenja01,PF,30,DEN,41,4,756,120,264,.455,56,141,.397,64,123,.520,.561,34,41,.829,61,147,208,32,20,14,40,107,330
182,Javonte Green\greenja02,SG-PG,27,TOT,28,2,369,40,77,.519,7,23,.304,33,54,.611,.565,20,30,.667,22,36,58,12,20,4,16,35,107
182,Javonte Green\greenja02,SG,27,BOS,25,2,345,39,71,.549,7,22,.318,32,49,.653,.599,20,30,.667,20,32,52,11,18,2,13,32,105
182,Javonte Green\greenja02,PG,27,CHI,3,0,24,1,6,.167,0,1,.000,1,5,.200,.167,0,0,,2,4,6,1,2,2,3,3,2
183,Jeff Green\greenje02,C,34,BRK,50,27,1330,177,358,.494,71,171,.415,106,187,.567,.594,83,110,.755,24,164,188,74,28,17,39,88,508
184,Josh Green\greenjo02,SG,20,DAL,28,5,284,26,60,.433,2,17,.118,24,43,.558,.450,9,15,.600,18,35,53,14,7,3,15,20,63
185,Blake Griffin\griffbl01,PF,31,TOT,29,21,797,104,269,.387,47,145,.324,57,124,.460,.474,59,81,.728,11,129,140,96,20,6,43,62,314
185,Blake Griffin\griffbl01,PF,31,DET,20,20,626,81,222,.365,39,124,.315,42,98,.429,.453,44,62,.710,7,97,104,77,14,2,32,42,245
185,Blake Griffin\griffbl01,PF,31,BRK,9,1,171,23,47,.489,8,21,.381,15,26,.577,.574,15,19,.789,4,32,36,19,6,4,11,20,69
186,Kyle Guy\guyky01,PG,23,SAC,22,0,152,22,58,.379,10,32,.313,12,26,.462,.466,10,12,.833,3,19,22,19,4,0,4,14,64
187,Rui Hachimura\hachiru01,PF,22,WAS,44,44,1392,234,494,.474,36,110,.327,198,384,.516,.510,106,137,.774,39,219,258,68,34,3,57,95,610
188,Ashton Hagans\haganas01,PG,21,MIN,2,0,4,0,0,,0,0,,0,0,,,0,0,,0,0,0,0,0,0,1,0,0
189,Tyrese Haliburton\halibty01,PG,20,SAC,48,15,1457,242,506,.478,100,244,.410,142,262,.542,.577,38,45,.844,36,115,151,244,59,27,72,74,622
190,Josh Hall\halljo01,SF,20,OKC,13,0,163,9,42,.214,2,18,.111,7,24,.292,.238,15,27,.556,1,24,25,18,0,0,15,19,35
191,R.J. Hampton\hamptrj01,PG-SG,19,TOT,34,1,443,64,141,.454,13,42,.310,51,99,.515,.500,17,28,.607,16,75,91,26,13,4,25,34,158
191,R.J. Hampton\hamptrj01,PG,19,DEN,25,0,233,25,60,.417,5,18,.278,20,42,.476,.458,9,12,.750,10,40,50,14,5,2,11,22,64
191,R.J. Hampton\hamptrj01,SG,19,ORL,9,1,210,39,81,.481,8,24,.333,31,57,.544,.531,8,16,.500,6,35,41,12,8,2,14,12,94
192,Tim Hardaway Jr.\hardati02,SG,28,DAL,52,20,1490,294,666,.441,151,385,.392,143,281,.509,.555,96,120,.800,15,163,178,89,25,7,48,79,835
193,James Harden\hardeja01,PG-SG,31,TOT,42,42,1558,334,722,.463,117,327,.358,217,395,.549,.544,275,316,.870,35,301,336,457,50,29,173,95,1060
193,James Harden\hardeja01,SG,31,HOU,8,8,290,60,135,.444,25,72,.347,35,63,.556,.537,53,60,.883,5,36,41,83,7,6,34,14,198
193,James Harden\hardeja01,PG,31,BRK,34,34,1268,274,587,.467,92,255,.361,182,332,.548,.545,222,256,.867,30,265,295,374,43,23,139,81,862
194,Maurice Harkless\harklma01,SF-PF,27,TOT,20,6,305,24,57,.421,11,37,.297,13,20,.650,.518,9,13,.692,3,31,34,18,9,7,8,37,68
194,Maurice Harkless\harklma01,SF,27,MIA,11,3,124,5,13,.385,5,11,.455,0,2,.000,.577,0,2,.000,2,11,13,7,2,4,3,14,15
194,Maurice Harkless\harklma01,PF,27,SAC,9,3,181,19,44,.432,6,26,.231,13,18,.722,.500,9,11,.818,1,20,21,11,7,3,5,23,53
195,Jared Harper\harpeja01,PG,23,NYK,4,0,9,0,2,.000,0,0,,0,2,.000,.000,2,2,1.000,0,0,0,0,0,0,2,0,2
196,Montrezl Harrell\harremo01,C,27,LAL,55,1,1345,316,509,.621,0,10,.000,316,499,.633,.621,150,212,.708,134,231,365,59,38,42,63,107,782
197,Gary Harris\harriga01,SG,26,TOT,21,20,626,75,176,.426,25,80,.313,50,96,.521,.497,26,34,.765,14,36,50,35,18,5,17,39,201
197,Gary Harris\harriga01,SG,26,DEN,19,19,581,69,156,.442,24,75,.320,45,81,.556,.519,22,30,.733,13,34,47,32,17,4,14,37,184
197,Gary Harris\harriga01,SG,26,ORL,2,1,45,6,20,.300,1,5,.200,5,15,.333,.325,4,4,1.000,1,2,3,3,1,1,3,2,17
198,Jalen Harris\harrija01,SG,22,TOR,4,0,14,1,4,.250,1,2,.500,0,2,.000,.375,0,0,,1,2,3,2,1,0,1,2,3
199,Joe Harris\harrijo01,SF,29,BRK,54,50,1661,281,549,.512,171,355,.482,110,194,.567,.668,36,48,.750,35,164,199,101,34,10,43,111,769
200,Tobias Harris\harrito02,PF,28,PHI,48,48,1597,378,730,.518,68,169,.402,310,561,.553,.564,153,173,.884,49,299,348,174,44,41,90,98,977
201,Shaquille Harrison\harrish01,SG,27,UTA,17,0,56,6,20,.300,0,2,.000,6,18,.333,.300,5,6,.833,3,6,9,9,2,0,5,3,17
202,Josh Hart\hartjo01,SF,25,NOP,47,4,1349,151,344,.439,63,193,.326,88,151,.583,.531,69,89,.775,53,324,377,109,38,12,49,111,434
203,Isaiah Hartenstein\harteis01,C,22,TOT,37,2,436,68,125,.544,2,5,.400,66,120,.550,.552,38,61,.623,54,93,147,39,14,31,30,84,176
203,Isaiah Hartenstein\harteis01,C,22,DEN,30,0,272,41,80,.513,0,0,,41,80,.513,.513,22,36,.611,40,45,85,15,11,20,21,59,104
203,Isaiah Hartenstein\harteis01,C,22,CLE,7,2,164,27,45,.600,2,5,.400,25,40,.625,.622,16,25,.640,14,48,62,24,3,11,9,25,72
204,Jaxson Hayes\hayesja02,C,20,NOP,42,3,623,106,161,.658,3,6,.500,103,155,.665,.668,51,68,.750,52,108,160,24,16,21,30,76,266
205,Killian Hayes\hayeski01,PG,19,DET,11,7,230,22,69,.319,7,27,.259,15,42,.357,.370,3,4,.750,2,20,22,38,7,4,27,20,54
206,Gordon Hayward\haywago01,SF,30,CHO,44,44,1496,311,658,.473,85,205,.415,226,453,.499,.537,156,185,.843,37,221,258,181,52,14,91,74,863
207,Juan Hernangómez\hernaju01,PF,25,MIN,36,6,583,78,185,.422,31,99,.313,47,86,.547,.505,40,60,.667,34,113,147,21,13,3,16,34,227
208,Willy Hernangómez\hernawi01,C,26,NOP,32,2,500,86,158,.544,1,8,.125,85,150,.567,.547,29,48,.604,74,126,200,30,10,15,16,33,202
209,Tyler Herro\herroty01,SG,21,MIA,43,14,1356,248,574,.432,81,240,.338,167,334,.500,.503,86,106,.811,21,193,214,142,32,16,88,57,663
210,Buddy Hield\hieldbu01,SG,28,SAC,53,53,1831,300,757,.396,213,558,.382,87,199,.437,.537,64,76,.842,21,220,241,169,43,18,92,137,877
211,George Hill\hillge01,PG,34,OKC,14,14,369,61,120,.508,22,57,.386,39,63,.619,.600,21,25,.840,8,21,29,43,12,2,12,12,165
212,Solomon Hill\hillso01,PF,29,ATL,54,9,1092,83,227,.366,54,168,.321,29,59,.492,.485,23,30,.767,32,110,142,52,40,9,31,85,243
213,Nate Hinton\hintona01,SG,21,DAL,14,0,48,8,20,.400,1,6,.167,7,14,.500,.425,4,6,.667,1,4,5,4,4,1,4,3,21
214,Jaylen Hoard\hoardja01,SF,21,OKC,5,0,106,15,31,.484,0,4,.000,15,27,.556,.484,13,15,.867,6,9,15,4,2,1,7,7,43
215,Aaron Holiday\holidaa01,PG,24,IND,51,6,897,138,346,.399,56,149,.376,82,197,.416,.480,43,56,.768,8,54,62,85,32,9,47,80,375
216,Jrue Holiday\holidjr01,PG,30,MIL,41,38,1298,278,549,.506,78,195,.400,200,354,.565,.577,67,81,.827,52,135,187,222,71,22,88,70,701
217,Justin Holiday\holidju01,SG,31,IND,53,44,1659,198,473,.419,131,342,.383,67,131,.511,.557,52,65,.800,27,168,195,90,66,20,44,104,579
218,Rondae Hollis-Jefferson\holliro01,PF,26,POR,2,0,12,1,2,.500,0,1,.000,1,1,1.000,.500,2,4,.500,0,1,1,3,1,0,1,5,4
219,Richaun Holmes\holmeri01,C,27,SAC,50,50,1499,297,463,.641,2,10,.200,295,453,.651,.644,110,138,.797,128,319,447,83,34,82,61,182,706
220,Rodney Hood\hoodro01,SF,28,TOT,45,5,844,86,236,.364,32,105,.305,54,131,.412,.432,15,19,.789,20,68,88,49,21,6,35,69,219
220,Rodney Hood\hoodro01,SF,28,POR,38,5,726,73,201,.363,25,84,.298,48,117,.410,.425,9,12,.750,18,55,73,47,20,4,31,59,180
220,Rodney Hood\hoodro01,SF,28,TOR,7,0,118,13,35,.371,7,21,.333,6,14,.429,.471,6,7,.857,2,13,15,2,1,2,4,10,39
221,Al Horford\horfoal01,C,34,OKC,28,28,782,162,360,.450,56,152,.368,106,208,.510,.528,18,22,.818,29,159,188,94,25,26,29,48,398
222,Talen Horton-Tucker\hortota01,SG,20,LAL,50,3,973,164,375,.437,28,104,.269,136,271,.502,.475,68,84,.810,20,113,133,124,46,20,74,102,424
223,Danuel House\houseda01,SF,27,HOU,31,21,843,99,244,.406,50,139,.360,49,105,.467,.508,39,59,.661,18,103,121,59,19,14,30,61,287
224,Dwight Howard\howardw01,C,35,PHI,54,5,940,134,230,.583,4,16,.250,130,214,.607,.591,95,164,.579,141,305,446,39,24,50,96,164,367
225,Markus Howard\howarma02,SG,21,DEN,25,0,83,10,43,.233,5,30,.167,5,13,.385,.291,1,2,.500,0,8,8,9,2,0,6,12,26
226,Kevin Huerter\huertke01,SG,22,ATL,55,40,1694,246,581,.423,112,309,.362,134,272,.493,.520,43,52,.827,31,147,178,195,63,13,64,131,647
227,Elijah Hughes\hugheel01,SF,22,UTA,11,0,39,8,19,.421,6,14,.429,2,5,.400,.579,3,4,.750,0,7,7,4,1,1,5,0,25
228,De'Andre Hunter\huntede01,SF,23,ATL,20,18,625,112,223,.502,31,87,.356,81,136,.596,.572,65,75,.867,16,86,102,42,18,10,27,53,320
229,Chandler Hutchison\hutchch01,SF,24,TOT,13,0,176,18,54,.333,3,13,.231,15,41,.366,.361,9,11,.818,4,39,43,9,4,0,14,17,48
229,Chandler Hutchison\hutchch01,SF,24,CHI,7,0,64,5,18,.278,1,3,.333,4,15,.267,.306,2,2,1.000,1,19,20,4,1,0,5,9,13
229,Chandler Hutchison\hutchch01,SF,24,WAS,6,0,112,13,36,.361,2,10,.200,11,26,.423,.389,7,9,.778,3,20,23,5,3,0,9,8,35
230,Serge Ibaka\ibakase01,C,31,LAC,39,39,919,176,347,.507,38,108,.352,138,239,.577,.562,37,45,.822,68,193,261,68,9,46,44,74,427
231,Andre Iguodala\iguodan01,SF,37,MIA,49,2,1045,73,197,.371,49,151,.325,24,46,.522,.495,21,33,.636,31,152,183,100,50,24,50,66,216
232,Ersan İlyasova\ilyaser01,PF,33,UTA,7,0,44,4,15,.267,3,13,.231,1,2,.500,.367,3,3,1.000,3,6,9,2,2,0,2,8,14
233,Joe Ingles\inglejo01,SF,33,UTA,50,14,1341,203,390,.521,135,277,.487,68,113,.602,.694,57,66,.864,22,159,181,209,34,10,78,91,598
234,Brandon Ingram\ingrabr01,SF,23,NOP,49,49,1687,415,881,.471,118,308,.383,297,573,.518,.538,227,258,.880,29,215,244,235,33,34,123,98,1175
235,Kyrie Irving\irvinky01,PG,28,BRK,38,38,1337,404,786,.514,106,266,.398,298,520,.573,.581,136,150,.907,42,142,184,228,45,22,85,105,1050
236,Wesley Iwundu\iwundwe01,SF,26,TOT,30,4,422,28,79,.354,5,35,.143,23,44,.523,.386,23,27,.852,10,58,68,14,13,4,16,39,84
236,Wesley Iwundu\iwundwe01,SF,26,DAL,23,3,288,17,52,.327,3,23,.130,14,29,.483,.356,12,14,.857,6,38,44,10,9,3,6,26,49
236,Wesley Iwundu\iwundwe01,SF,26,NOP,7,1,134,11,27,.407,2,12,.167,9,15,.600,.444,11,13,.846,4,20,24,4,4,1,10,13,35
237,Frank Jackson\jacksfr01,PG,22,DET,25,4,368,62,138,.449,31,74,.419,31,64,.484,.562,32,37,.865,9,34,43,17,8,0,21,25,187
238,Josh Jackson\jacksjo02,SG,23,DET,49,14,1206,234,549,.426,62,199,.312,172,350,.491,.483,111,155,.716,46,153,199,103,44,35,102,139,641
239,Justin Jackson\jacksju01,SF,25,OKC,33,3,544,86,212,.406,34,111,.306,52,101,.515,.486,30,35,.857,14,57,71,51,15,2,31,31,236
240,Reggie Jackson\jacksre01,SG,30,LAC,53,31,1167,194,424,.458,84,199,.422,110,225,.489,.557,55,69,.797,18,129,147,163,32,6,59,106,527
241,Justin James\jamesju01,SF,24,SAC,25,0,151,18,42,.429,5,17,.294,13,25,.520,.488,5,12,.417,3,8,11,15,3,1,6,10,46
242,LeBron James\jamesle01,PG,36,LAL,41,41,1388,388,756,.513,98,266,.368,290,490,.592,.578,168,239,.703,24,299,323,323,43,24,152,65,1042
243,DaQuan Jeffries\jeffrda01,SG,23,TOT,19,2,235,24,57,.421,9,28,.321,15,29,.517,.500,6,7,.857,9,20,29,7,7,4,8,23,63
243,DaQuan Jeffries\jeffrda01,SG,23,SAC,18,2,232,24,57,.421,9,28,.321,15,29,.517,.500,6,7,.857,9,20,29,6,7,4,8,23,63
243,DaQuan Jeffries\jeffrda01,SG,23,HOU,1,0,3,0,0,,0,0,,0,0,,,0,0,,0,0,0,1,0,0,0,0,0
244,Ty Jerome\jeromty01,SG,23,OKC,21,1,529,78,180,.433,44,109,.404,34,71,.479,.556,10,17,.588,10,52,62,75,12,4,27,39,210
245,Isaiah Joe\joeis01,SG,21,PHI,29,1,283,32,95,.337,25,75,.333,7,20,.350,.468,8,9,.889,6,23,29,17,8,4,6,27,97
246,Alize Johnson\johnsal02,PF,24,BRK,7,0,90,24,36,.667,0,3,.000,24,33,.727,.667,1,1,1.000,11,25,36,6,3,2,3,4,49
247,Cameron Johnson\johnsca02,PF,24,PHO,48,9,1118,168,373,.450,102,259,.394,66,114,.579,.587,39,45,.867,26,132,158,68,30,15,36,71,477
248,James Johnson\johnsja01,PF,33,TOT,37,6,727,97,214,.453,24,85,.282,73,129,.566,.509,29,47,.617,21,96,117,74,33,34,40,83,247
248,James Johnson\johnsja01,PF,33,DAL,29,1,504,67,145,.462,15,60,.250,52,85,.612,.514,17,29,.586,14,72,86,50,24,23,27,59,166
248,James Johnson\johnsja01,PF,33,NOP,8,5,223,30,69,.435,9,25,.360,21,44,.477,.500,12,18,.667,7,24,31,24,9,11,13,24,81
249,Keldon Johnson\johnske04,SF,21,SAS,49,47,1402,240,504,.476,42,128,.328,198,376,.527,.518,108,147,.735,75,243,318,90,26,24,54,106,630
250,Stanley Johnson\johnsst04,PF,24,TOR,47,6,690,50,129,.388,26,76,.342,24,53,.453,.488,19,24,.792,21,87,108,58,34,15,33,85,145
251,Tyler Johnson\johnsty01,SG,28,BRK,31,2,522,56,142,.394,38,101,.376,18,41,.439,.528,16,19,.842,5,54,59,29,12,0,13,31,166
252,Nikola Jokić\jokicni01,C,25,DEN,54,54,1913,557,985,.565,76,182,.418,481,803,.599,.604,223,261,.854,154,435,589,475,79,34,170,144,1413
253,Damian Jones\jonesda03,C,25,TOT,23,6,225,25,34,.735,0,1,.000,25,33,.758,.735,17,23,.739,16,30,46,7,3,13,12,43,67
253,Damian Jones\jonesda03,C,25,PHO,14,0,94,8,16,.500,0,1,.000,8,15,.533,.500,6,11,.545,7,11,18,4,1,5,6,19,22
253,Damian Jones\jonesda03,C,25,LAL,8,6,112,16,17,.941,0,0,,16,17,.941,.941,11,12,.917,8,18,26,1,1,7,5,22,43
253,Damian Jones\jonesda03,C,25,SAC,1,0,19,1,1,1.000,0,0,,1,1,1.000,1.000,0,0,,1,1,2,2,1,1,1,2,2
254,Derrick Jones Jr.\jonesde02,SF,23,POR,49,40,1203,137,280,.489,42,127,.331,95,153,.621,.564,52,82,.634,73,123,196,39,34,50,29,112,368
255,Mason Jones\jonesma05,SG,22,TOT,30,1,322,51,120,.425,24,66,.364,27,54,.500,.525,35,57,.614,6,48,54,41,6,1,28,22,161
255,Mason Jones\jonesma05,SG,22,HOU,26,1,307,47,114,.412,23,64,.359,24,50,.480,.513,35,57,.614,4,47,51,39,6,1,28,22,152
255,Mason Jones\jonesma05,SG,22,PHI,4,0,15,4,6,.667,1,2,.500,3,4,.750,.750,0,0,,2,1,3,2,0,0,0,0,9
256,Tre Jones\jonestr01,PG,21,SAS,25,0,118,19,40,.475,1,1,1.000,18,39,.462,.488,5,5,1.000,5,6,11,14,4,0,10,5,44
257,Tyus Jones\jonesty01,PG,24,MEM,52,8,1001,148,339,.437,36,113,.319,112,226,.496,.490,32,35,.914,20,98,118,209,54,5,40,24,364
258,DeAndre Jordan\jordade01,C,32,BRK,47,36,1043,161,208,.774,0,1,.000,161,207,.778,.774,35,70,.500,93,245,338,77,14,57,70,99,357
259,Cory Joseph\josepco01,PG,29,TOT,55,5,1217,160,343,.466,36,109,.330,124,234,.530,.519,62,76,.816,31,104,135,175,52,14,65,123,418
259,Cory Joseph\josepco01,PG,29,SAC,44,2,944,111,250,.444,31,94,.330,80,156,.513,.506,36,47,.766,25,74,99,108,39,9,44,98,289
259,Cory Joseph\josepco01,PG,29,DET,11,3,273,49,93,.527,5,15,.333,44,78,.564,.554,26,29,.897,6,30,36,67,13,5,21,25,129
260,Mfiondu Kabengele\kabenmf01,PF,23,TOT,25,0,114,11,36,.306,5,21,.238,6,15,.400,.375,5,6,.833,1,18,19,6,4,3,7,22,32
260,Mfiondu Kabengele\kabenmf01,PF,23,LAC,23,0,94,9,32,.281,4,18,.222,5,14,.357,.344,5,6,.833,1,13,14,5,2,3,6,18,27
260,Mfiondu Kabengele\kabenmf01,PF,23,CLE,2,0,20,2,4,.500,1,3,.333,1,1,1.000,.625,0,0,,0,5,5,1,2,0,1,4,5
261,Frank Kaminsky\kaminfr01,C,27,PHO,33,13,487,82,175,.469,26,64,.406,56,111,.505,.543,22,35,.629,22,97,119,53,10,13,15,42,212
262,Enes Kanter\kanteen01,C,28,POR,54,34,1430,273,449,.608,0,1,.000,273,448,.609,.608,105,134,.784,234,406,640,68,28,39,68,138,651
263,Luke Kennard\kennalu01,SG,24,LAC,50,12,962,151,309,.489,79,168,.470,72,141,.511,.617,16,19,.842,12,120,132,84,17,8,39,78,397
264,Maxi Kleber\klebima01,PF,29,DAL,38,32,1060,91,208,.438,69,159,.434,22,49,.449,.603,32,35,.914,34,172,206,50,21,27,25,89,283
265,Nathan Knight\knighna01,PF,23,ATL,24,0,198,27,70,.386,5,20,.250,22,50,.440,.421,31,39,.795,19,30,49,6,7,7,14,17,90
266,Kevin Knox\knoxke01,SF,21,NYK,35,0,439,54,134,.403,34,84,.405,20,50,.400,.530,14,18,.778,10,46,56,18,11,6,16,36,156
267,John Konchar\konchjo01,SG,24,MEM,29,0,407,38,87,.437,13,36,.361,25,51,.490,.511,18,22,.818,24,62,86,35,25,7,14,31,107
268,Furkan Korkmaz\korkmfu01,SG,23,PHI,43,6,820,134,330,.406,76,204,.373,58,126,.460,.521,53,73,.726,12,77,89,52,38,8,39,50,397
269,Luke Kornet\kornelu01,PF-C,25,TOT,19,0,179,21,54,.389,12,38,.316,9,16,.563,.500,2,5,.400,6,30,36,10,2,14,3,8,56
269,Luke Kornet\kornelu01,PF,25,CHI,13,0,94,9,27,.333,6,23,.261,3,4,.750,.444,2,4,.500,1,14,15,4,2,7,1,1,26
269,Luke Kornet\kornelu01,C,25,BOS,6,0,85,12,27,.444,6,15,.400,6,12,.500,.556,0,1,.000,5,16,21,6,0,7,2,7,30
270,Rodions Kurucs\kurucro01,SF-PF,22,TOT,18,0,113,8,27,.296,4,18,.222,4,9,.444,.370,1,2,.500,5,17,22,10,8,4,10,11,21
270,Rodions Kurucs\kurucro01,PF,22,BRK,5,0,16,1,3,.333,1,2,.500,0,1,.000,.500,0,0,,0,3,3,2,0,0,0,1,3
270,Rodions Kurucs\kurucro01,SF,22,HOU,11,0,75,5,21,.238,2,15,.133,3,6,.500,.286,1,2,.500,2,9,11,4,6,4,9,7,13
270,Rodions Kurucs\kurucro01,SF,22,MIL,2,0,22,2,3,.667,1,1,1.000,1,2,.500,.833,0,0,,3,5,8,4,2,0,1,3,5
271,Kyle Kuzma\kuzmaky01,SF,25,LAL,52,22,1465,256,593,.432,105,303,.347,151,290,.521,.520,50,74,.676,94,252,346,84,22,30,93,90,667
272,Anthony Lamb\lamban01,SF,23,HOU,10,0,122,7,35,.200,3,20,.150,4,15,.267,.243,3,4,.750,13,16,29,3,1,1,3,14,20
273,Jeremy Lamb\lambje01,SG,28,IND,33,8,692,105,247,.425,46,117,.393,59,130,.454,.518,70,74,.946,22,96,118,47,30,19,21,64,326
274,Romeo Langford\langfro01,SG,21,BOS,6,1,80,6,18,.333,3,7,.429,3,11,.273,.417,3,3,1.000,6,8,14,2,2,1,3,5,18
275,Zach LaVine\lavinza01,SG,25,CHI,52,52,1828,510,1008,.506,176,425,.414,334,583,.573,.593,232,274,.847,32,233,265,262,42,25,189,120,1428
276,Jake Layman\laymaja01,SF,26,MIN,39,11,588,85,170,.500,21,72,.292,64,98,.653,.562,25,35,.714,13,51,64,27,28,17,24,40,216
277,Jalen Lecque\lecquja01,PG,20,IND,4,0,12,1,9,.111,0,1,.000,1,8,.125,.111,3,3,1.000,2,3,5,2,0,0,0,0,5
278,Damion Lee\leeda03,SG,28,GSW,53,1,995,114,255,.447,71,184,.386,43,71,.606,.586,40,44,.909,19,145,164,69,35,7,26,82,339
279,Saben Lee\leesa01,PG,21,DET,32,7,492,65,136,.478,7,14,.500,58,122,.475,.504,46,70,.657,15,47,62,106,20,8,32,50,183
280,Alex Len\lenal01,C,27,TOT,45,23,701,119,194,.613,7,22,.318,112,172,.651,.631,51,85,.600,46,124,170,39,14,49,39,91,296
280,Alex Len\lenal01,C,27,TOR,7,2,76,5,10,.500,3,6,.500,2,4,.500,.650,3,6,.500,0,11,11,3,1,6,8,10,16
280,Alex Len\lenal01,C,27,WAS,38,21,625,114,184,.620,4,16,.250,110,168,.655,.630,48,79,.608,46,113,159,36,13,43,31,81,280
281,Kawhi Leonard\leonaka01,SF,29,LAC,45,45,1559,425,825,.515,88,223,.395,337,602,.560,.568,230,262,.878,52,244,296,227,77,19,88,75,1168
282,Meyers Leonard\leoname01,C,28,MIA,3,2,29,3,7,.429,3,7,.429,0,0,,.643,1,2,.500,0,7,7,2,0,0,2,5,10
283,Caris LeVert\leverca01,SG,26,TOT,29,21,894,199,462,.431,48,155,.310,151,307,.492,.483,76,95,.800,21,109,130,148,40,15,55,56,522
283,Caris LeVert\leverca01,SG,26,BRK,12,4,334,87,200,.435,22,63,.349,65,137,.474,.490,26,34,.765,10,42,52,72,13,6,26,20,222
283,Caris LeVert\leverca01,SG,26,IND,17,17,560,112,262,.427,26,92,.283,86,170,.506,.477,50,61,.820,11,67,78,76,27,9,29,36,300
284,Kira Lewis Jr.\lewiski01,PG,19,NOP,36,0,573,95,226,.420,27,77,.351,68,149,.456,.480,23,30,.767,8,36,44,83,28,7,21,57,240
285,Damian Lillard\lillada01,PG,30,POR,52,52,1867,460,1046,.440,212,560,.379,248,486,.510,.541,360,389,.925,26,192,218,398,46,14,165,85,1492
286,Nassir Little\littlna01,PF,20,POR,35,2,494,64,132,.485,26,68,.382,38,64,.594,.583,33,38,.868,24,69,93,17,4,12,14,42,187
287,Kevon Looney\looneke01,C,24,GSW,43,16,688,65,118,.551,4,13,.308,61,105,.581,.568,20,29,.690,71,107,178,80,18,17,26,86,154
288,Brook Lopez\lopezbr01,C,32,MIL,52,52,1417,219,457,.479,75,222,.338,144,235,.613,.561,79,93,.849,75,181,256,40,32,72,46,106,592
289,Robin Lopez\lopezro01,C,32,WAS,53,9,1075,195,312,.625,5,18,.278,190,294,.646,.633,75,106,.708,111,104,215,46,14,32,56,89,470
290,Kevin Love\loveke01,PF,32,CLE,10,10,203,34,87,.391,22,59,.373,12,28,.429,.517,20,26,.769,6,48,54,20,6,2,15,12,110
291,Kyle Lowry\lowryky01,PG,34,TOR,40,40,1385,225,515,.437,108,276,.391,117,239,.490,.542,125,142,.880,33,186,219,290,43,10,116,126,683
292,Timothé Luwawu-Cabarrot\luwawti01,SF,25,BRK,47,7,906,110,306,.359,65,206,.316,45,100,.450,.466,29,36,.806,24,91,115,60,30,6,39,88,314
293,Trey Lyles\lylestr01,PF,25,SAS,23,9,358,43,90,.478,14,40,.350,29,50,.580,.556,15,23,.652,9,77,86,14,6,1,6,13,115
294,Will Magnay\magnawi01,C,22,NOP,1,0,3,0,1,.000,0,1,.000,0,0,,.000,0,0,,0,0,0,0,0,0,1,1,0
295,Thon Maker\makerth01,C,23,CLE,8,0,76,10,18,.556,0,2,.000,10,16,.625,.556,10,11,.909,8,10,18,4,2,4,3,7,30
296,Théo Maledon\maledth01,PG,19,OKC,48,32,1311,161,431,.374,80,225,.356,81,206,.393,.466,62,82,.756,17,144,161,161,43,6,100,103,464
297,Karim Mané\maneka01,PG,20,ORL,10,0,88,3,13,.231,1,2,.500,2,11,.182,.269,4,5,.800,1,13,14,4,0,2,3,10,11
298,Terance Mann\mannte01,SG,24,LAC,53,4,964,131,260,.504,27,63,.429,104,197,.528,.556,53,68,.779,46,150,196,85,24,13,32,100,342
299,Nico Mannion\mannini01,PG,19,GSW,20,1,279,31,90,.344,18,49,.367,13,41,.317,.444,20,25,.800,2,29,31,52,13,1,24,25,100
300,Boban Marjanović\marjabo01,C,32,DAL,24,3,217,49,102,.480,0,6,.000,49,96,.510,.480,20,26,.769,39,66,105,7,1,5,9,25,118
301,Lauri Markkanen\markkla01,PF,23,CHI,33,25,920,182,374,.487,78,200,.390,104,174,.598,.591,63,75,.840,26,159,185,30,14,12,40,50,505
302,Naji Marshall\marshna01,SF,23,NOP,14,3,203,15,45,.333,4,17,.235,11,28,.393,.378,21,30,.700,2,32,34,25,7,5,6,22,55
303,Caleb Martin\martica02,SF,25,CHO,39,2,553,72,186,.387,24,85,.282,48,101,.475,.452,24,39,.615,24,81,105,49,28,8,27,40,192
304,Cody Martin\martico01,SF,25,CHO,41,2,586,63,141,.447,12,46,.261,51,95,.537,.489,18,32,.563,33,71,104,56,22,8,27,35,156
305,Kelan Martin\martike03,SF,25,IND,19,0,98,13,34,.382,5,16,.313,8,18,.444,.456,3,3,1.000,4,16,20,4,5,2,6,9,34
306,Kenyon Martin Jr.\martike04,SF,20,HOU,27,0,520,73,132,.553,12,30,.400,61,102,.598,.598,33,44,.750,45,78,123,18,13,26,20,47,191
307,Frank Mason III\masonfr01,PG,26,ORL,4,1,79,9,24,.375,2,5,.400,7,19,.368,.417,5,7,.714,3,9,12,12,0,0,5,7,25
308,Garrison Mathews\mathega01,SG,24,WAS,47,22,866,83,194,.428,65,159,.409,18,35,.514,.595,66,74,.892,14,59,73,23,25,6,9,86,297
309,Dakota Mathias\mathida01,SG,25,PHI,8,2,123,19,48,.396,8,26,.308,11,22,.500,.479,2,6,.333,1,6,7,13,1,3,1,7,48
310,Wesley Matthews\matthwe02,SG,34,LAL,46,6,916,69,199,.347,53,157,.338,16,42,.381,.480,30,35,.857,14,60,74,46,30,15,21,68,221
311,Tyrese Maxey\maxeyty01,SG,20,PHI,46,6,648,133,298,.446,19,69,.275,114,229,.498,.478,33,38,.868,9,61,70,72,16,7,28,53,318
312,Skylar Mays\mayssk01,SG,23,ATL,26,0,197,28,70,.400,10,29,.345,18,41,.439,.471,18,21,.857,9,16,25,21,11,0,7,13,84
313,Patrick McCaw\mccawpa01,SF,25,TOR,5,0,33,1,1,1.000,0,0,,1,1,1.000,1.000,3,3,1.000,1,2,3,4,2,0,0,6,5
314,CJ McCollum\mccolcj01,SG,29,POR,29,29,962,246,553,.445,114,284,.401,132,269,.491,.548,67,79,.848,18,95,113,135,30,15,37,54,673
315,T.J. McConnell\mccontj01,PG,28,IND,50,2,1282,186,332,.560,9,30,.300,177,302,.586,.574,20,32,.625,38,143,181,326,85,18,96,79,401
316,Jaden McDaniels\mcdanja02,PF,20,MIN,48,14,1095,121,279,.434,53,147,.361,68,132,.515,.529,22,37,.595,39,137,176,54,25,49,34,123,317
317,Jalen McDaniels\mcdanja01,SF,23,CHO,28,5,389,65,129,.504,16,45,.356,49,84,.583,.566,19,27,.704,15,56,71,22,9,8,20,51,165
318,Doug McDermott\mcderdo01,PF,29,IND,51,19,1245,261,502,.520,85,223,.381,176,279,.631,.605,60,71,.845,52,134,186,68,16,4,44,86,667
319,Sean McDermott\mcderse01,SF,24,MEM,15,0,153,13,33,.394,5,22,.227,8,11,.727,.470,8,8,1.000,6,13,19,4,2,3,4,8,39
320,JaVale McGee\mcgeeja01,C,33,TOT,37,1,543,119,228,.522,5,20,.250,114,208,.548,.533,38,59,.644,60,130,190,34,18,42,51,91,281
320,JaVale McGee\mcgeeja01,C,33,CLE,33,1,503,112,215,.521,5,20,.250,107,195,.549,.533,36,55,.655,54,116,170,33,16,40,45,80,265
320,JaVale McGee\mcgeeja01,C,33,DEN,4,0,40,7,13,.538,0,0,,7,13,.538,.538,2,4,.500,6,14,20,1,2,2,6,11,16
321,Rodney McGruder\mcgruro01,SG,29,DET,16,2,194,37,70,.529,11,24,.458,26,46,.565,.607,6,8,.750,8,14,22,16,8,1,7,12,91
322,Alfonzo McKinnie\mckinal01,SF,28,LAL,32,0,199,34,66,.515,12,29,.414,22,37,.595,.606,9,17,.529,14,28,42,6,4,0,4,20,89
323,Jordan McLaughlin\mclaujo01,PG,24,MIN,35,2,705,73,189,.386,22,64,.344,51,125,.408,.444,16,22,.727,15,61,76,148,39,6,37,33,184
324,Ben McLemore\mclembe01,SG,27,TOT,36,4,608,91,253,.360,63,189,.333,28,64,.438,.484,29,39,.744,13,60,73,30,21,3,31,62,274
324,Ben McLemore\mclembe01,SG,27,HOU,32,4,537,80,224,.357,55,166,.331,25,58,.431,.480,23,32,.719,11,55,66,28,20,3,28,51,238
324,Ben McLemore\mclembe01,SG,27,LAL,4,0,71,11,29,.379,8,23,.348,3,6,.500,.517,6,7,.857,2,5,7,2,1,0,3,11,36
325,Nicolò Melli\mellini01,PF,30,TOT,31,4,393,27,91,.297,13,56,.232,14,35,.400,.368,9,10,.900,18,65,83,32,11,2,9,47,76
325,Nicolò Melli\mellini01,PF,30,NOP,22,0,241,15,59,.254,7,37,.189,8,22,.364,.314,6,7,.857,12,45,57,25,9,1,7,28,43
325,Nicolò Melli\mellini01,PF,30,DAL,9,4,152,12,32,.375,6,19,.316,6,13,.462,.469,3,3,1.000,6,20,26,7,2,1,2,19,33
326,De'Anthony Melton\meltode01,PG,22,MEM,35,1,696,131,273,.480,63,139,.453,68,134,.507,.595,27,35,.771,23,89,112,93,43,17,43,58,352
327,Sam Merrill\merrisa01,SG,24,MIL,23,1,183,27,59,.458,18,39,.462,9,20,.450,.610,4,4,1.000,6,20,26,19,5,1,9,13,76
328,Chimezie Metu\metuch01,C,23,SAC,21,0,191,38,67,.567,3,8,.375,35,59,.593,.590,11,18,.611,20,36,56,15,4,11,13,31,90
329,Khris Middleton\middlkh01,SF,29,MIL,51,51,1709,384,797,.482,111,255,.435,273,542,.504,.551,155,175,.886,41,265,306,277,57,9,142,123,1034
330,Darius Miller\milleda01,SF,30,OKC,18,0,197,22,48,.458,17,42,.405,5,6,.833,.635,12,12,1.000,2,22,24,21,13,5,8,13,73
331,Patty Mills\millspa02,PG,32,SAS,51,0,1307,211,492,.429,132,339,.389,79,153,.516,.563,57,63,.905,17,72,89,129,34,2,48,66,611
332,Paul Millsap\millspa01,PF,35,DEN,42,34,929,143,289,.495,42,110,.382,101,179,.564,.567,52,74,.703,59,138,197,69,37,27,37,89,380
333,Shake Milton\miltosh01,SG,24,PHI,46,2,1106,230,509,.452,48,149,.322,182,360,.506,.499,120,140,.857,29,79,108,136,29,12,77,99,628
334,Donovan Mitchell\mitchdo01,PG,24,UTA,52,52,1750,471,1076,.438,175,454,.385,296,622,.476,.519,262,311,.842,49,182,231,275,52,14,142,116,1379
335,Adam Mokoka\mokokad01,SG,22,CHI,9,0,47,6,15,.400,1,8,.125,5,7,.714,.433,0,0,,1,3,4,4,2,1,2,5,13
336,Malik Monk\monkma01,SG,22,CHO,32,0,694,148,322,.460,70,165,.424,78,157,.497,.568,53,65,.815,12,73,85,61,16,4,47,39,419
337,E'Twaun Moore\mooreet01,SG,31,PHO,24,1,348,43,102,.422,8,29,.276,35,73,.479,.461,8,10,.800,13,29,42,35,14,4,18,31,102
338,Ja Morant\moranja01,PG,21,MEM,44,44,1399,298,667,.447,41,152,.270,257,515,.499,.478,195,264,.739,41,111,152,326,38,8,137,63,832
339,Juwan Morgan\morgaju01,PF,23,UTA,19,0,84,7,17,.412,3,11,.273,4,6,.667,.500,1,5,.200,6,10,16,4,4,0,2,14,18
340,Marcus Morris\morrima03,PF,31,LAC,44,16,1140,209,446,.469,109,229,.476,100,217,.461,.591,49,59,.831,27,152,179,46,25,11,39,91,576
341,Markieff Morris\morrima02,PF,31,LAL,48,24,969,133,299,.445,60,169,.355,73,130,.562,.545,30,41,.732,38,183,221,54,16,16,42,89,356
342,Monte Morris\morrimo01,PG,25,DEN,42,11,1105,167,349,.479,48,126,.381,119,223,.534,.547,54,69,.783,9,82,91,137,29,12,32,44,436
343,Mychal Mulder\muldemy01,PG,26,GSW,43,2,424,54,130,.415,42,111,.378,12,19,.632,.577,11,19,.579,1,34,35,17,9,8,9,29,161
344,Dejounte Murray\murrade01,PG,24,SAS,50,50,1583,332,728,.456,48,151,.318,284,577,.492,.489,82,100,.820,36,306,342,261,80,5,84,103,794
345,Jamal Murray\murraja01,PG,23,DEN,48,48,1704,378,792,.477,129,316,.408,249,476,.523,.559,133,153,.869,37,157,194,231,64,13,108,95,1018
346,Mike Muscala\muscami01,C,29,OKC,35,0,645,119,267,.446,68,184,.370,51,83,.614,.573,33,36,.917,19,113,132,28,8,11,21,54,339
347,Sviatoslav Mykhailiuk\mykhasv01,SF-SG,23,TOT,50,12,964,136,340,.400,79,232,.341,57,108,.528,.516,33,42,.786,19,97,116,79,40,8,60,42,384
347,Sviatoslav Mykhailiuk\mykhasv01,SF,23,DET,36,5,634,84,223,.377,57,171,.333,27,52,.519,.504,24,30,.800,11,63,74,57,27,6,39,33,249
347,Sviatoslav Mykhailiuk\mykhasv01,SG,23,OKC,14,7,330,52,117,.444,22,61,.361,30,56,.536,.538,9,12,.750,8,34,42,22,13,2,21,9,135
348,Abdel Nader\naderab01,SF,27,PHO,24,0,355,57,116,.491,18,43,.419,39,73,.534,.569,28,37,.757,7,55,62,19,10,9,19,34,160
349,Larry Nance Jr.\nancela02,PF,28,CLE,29,27,950,115,236,.487,36,95,.379,79,141,.560,.564,26,41,.634,50,155,205,91,52,17,44,61,292
350,Aaron Nesmith\nesmiaa01,SF,21,BOS,30,0,398,35,94,.372,22,67,.328,13,27,.481,.489,11,16,.688,14,51,65,10,9,6,15,43,103
351,Raul Neto\netora01,PG,28,WAS,47,8,962,150,334,.449,45,123,.366,105,211,.498,.516,43,52,.827,17,86,103,101,51,4,36,74,388
352,Georges Niang\niangge01,PF,27,UTA,55,1,785,114,262,.435,80,195,.410,34,67,.507,.588,7,7,1.000,18,105,123,39,16,6,35,83,315
353,Zeke Nnaji\nnajize01,PF,20,DEN,34,1,341,44,87,.506,20,50,.400,24,37,.649,.621,12,15,.800,13,43,56,6,5,4,7,26,120
354,Nerlens Noel\noelne01,C,26,NYK,49,26,1133,105,175,.600,0,2,.000,105,173,.607,.600,33,50,.660,110,197,307,33,52,104,58,131,243
355,Jaylen Nowell\nowelja01,SG,21,MIN,37,0,704,136,314,.433,47,138,.341,89,176,.506,.508,42,51,.824,18,69,87,59,21,10,27,68,361
356,Frank Ntilikina\ntilila01,PG,22,NYK,21,4,253,23,64,.359,17,37,.459,6,27,.222,.492,7,14,.500,4,20,24,14,15,1,10,34,70
357,Kendrick Nunn\nunnke01,PG,25,MIA,40,28,1140,207,453,.457,79,217,.364,128,236,.542,.544,42,46,.913,17,109,126,108,41,10,62,76,535
358,Jusuf Nurkić\nurkiju01,C,26,POR,20,20,449,74,149,.497,7,21,.333,67,128,.523,.520,29,50,.580,38,114,152,63,20,18,42,61,184
359,David Nwaba\nwabada01,SF,28,HOU,30,9,679,106,218,.486,17,63,.270,89,155,.574,.525,47,68,.691,40,78,118,31,30,21,17,60,276
360,Jordan Nwora\nworajo01,SF,22,MIL,21,2,207,41,95,.432,19,45,.422,22,50,.440,.532,15,19,.789,4,36,40,7,12,5,16,15,116
361,Royce O'Neale\onealro01,SF,27,UTA,54,54,1722,126,293,.430,79,211,.374,47,82,.573,.565,34,40,.850,66,305,371,134,41,27,61,150,365
362,Semi Ojeleye\ojelese01,PF,26,BOS,45,9,810,74,185,.400,52,134,.388,22,51,.431,.541,24,32,.750,26,97,123,33,11,0,17,50,224
363,Jahlil Okafor\okafoja01,C,25,DET,14,0,144,30,50,.600,1,4,.250,29,46,.630,.610,7,8,.875,13,19,32,7,2,2,5,15,68
364,Chuma Okeke\okekech01,PF,22,ORL,37,11,895,97,229,.424,36,103,.350,61,126,.484,.502,24,31,.774,35,115,150,82,31,17,29,40,254
365,Josh Okogie\okogijo01,SG,22,MIN,42,26,868,68,184,.370,19,76,.250,49,108,.454,.421,59,72,.819,39,67,106,45,44,18,33,91,214
366,Onyeka Okongwu\okongon01,C,20,ATL,33,2,357,53,86,.616,0,1,.000,53,85,.624,.616,24,41,.585,33,66,99,8,14,19,15,62,130
367,Isaac Okoro\okorois01,SG,20,CLE,48,48,1528,147,342,.430,43,136,.316,104,206,.505,.493,62,88,.705,43,92,135,85,48,21,67,132,399
368,KZ Okpala\okpalkz01,PF,21,MIA,26,9,325,27,66,.409,11,37,.297,16,29,.552,.492,2,6,.333,15,35,50,11,6,8,12,44,67
369,Victor Oladipo\oladivi01,SG,28,TOT,33,33,1080,235,576,.408,78,239,.326,157,337,.466,.476,104,138,.754,12,148,160,151,46,14,83,81,652
369,Victor Oladipo\oladivi01,SG,28,IND,9,9,300,64,152,.421,25,69,.362,39,83,.470,.503,27,37,.730,1,50,51,38,15,2,18,23,180
369,Victor Oladipo\oladivi01,SG,28,HOU,20,20,669,155,381,.407,49,153,.320,106,228,.465,.471,65,83,.783,8,87,95,99,24,10,51,45,424
369,Victor Oladipo\oladivi01,SG,28,MIA,4,4,111,16,43,.372,4,17,.235,12,26,.462,.419,12,18,.667,3,11,14,14,7,2,14,13,48
370,Kelly Olynyk\olynyke01,C-PF,29,TOT,53,45,1453,224,482,.465,96,294,.327,128,188,.681,.564,57,71,.803,59,281,340,119,49,33,74,150,601
370,Kelly Olynyk\olynyke01,C,29,MIA,43,38,1157,162,376,.431,77,243,.317,85,133,.639,.533,31,40,.775,44,217,261,91,40,26,55,123,432
370,Kelly Olynyk\olynyke01,PF,29,HOU,10,7,296,62,106,.585,19,51,.373,43,55,.782,.675,26,31,.839,15,64,79,28,9,7,19,27,169
371,Miye Oni\onimi01,SG,23,UTA,39,0,352,28,79,.354,24,70,.343,4,9,.444,.506,5,6,.833,18,48,66,14,6,7,11,44,85
372,Cedi Osman\osmande01,SF,25,CLE,48,17,1167,167,464,.360,78,260,.300,89,204,.436,.444,54,72,.750,29,131,160,126,44,8,52,86,466
373,Daniel Oturu\oturuda01,C,21,LAC,21,0,82,12,24,.500,0,1,.000,12,23,.522,.500,2,4,.500,8,13,21,6,1,3,5,12,26
374,Kelly Oubre Jr.\oubreke01,SF,25,GSW,50,50,1542,289,658,.439,82,259,.317,207,399,.519,.502,104,149,.698,72,230,302,69,53,38,62,113,764
375,Jabari Parker\parkeja01,PF,25,SAC,3,0,27,4,7,.571,0,1,.000,4,6,.667,.571,0,0,,1,5,6,1,0,1,3,4,8
376,Eric Paschall\pascher01,PF,24,GSW,39,2,676,144,293,.491,17,53,.321,127,240,.529,.520,64,89,.719,27,97,124,51,12,7,41,65,369
377,Anžejs Pasečņiks\pasecan01,C,25,WAS,1,0,6,0,1,.000,0,1,.000,0,0,,.000,0,0,,1,0,1,1,0,0,5,2,0
378,Patrick Patterson\pattepa01,PF,31,LAC,27,2,376,47,105,.448,26,71,.366,21,34,.618,.571,11,14,.786,11,38,49,21,10,7,8,36,131
379,Justin Patton\pattoju01,C,23,HOU,13,6,247,29,70,.414,9,34,.265,20,36,.556,.479,3,4,.750,14,35,49,14,12,14,4,34,70
380,Chris Paul\paulch01,PG,35,PHO,53,53,1677,317,652,.486,70,191,.366,247,461,.536,.540,134,144,.931,21,225,246,462,78,11,118,127,838
381,Cameron Payne\payneca01,PG,26,PHO,43,0,740,116,247,.470,44,107,.411,72,140,.514,.559,33,37,.892,10,89,99,161,26,9,44,72,309
382,Elfrid Payton\paytoel01,PG,26,NYK,46,46,1201,229,511,.448,24,84,.286,205,427,.480,.472,68,97,.701,57,110,167,157,35,9,80,89,550
383,Gary Payton II\paytoga02,PG,28,GSW,2,0,0,0,0,,0,0,,0,0,,,0,0,,0,1,1,0,0,0,0,0,0
384,Norvel Pelle\pelleno01,C,27,TOT,6,0,36,3,8,.375,0,0,,3,8,.375,.375,4,6,.667,4,7,11,1,0,5,3,10,10
384,Norvel Pelle\pelleno01,C,27,BRK,3,0,28,3,7,.429,0,0,,3,7,.429,.429,0,0,,3,4,7,0,0,3,3,9,6
384,Norvel Pelle\pelleno01,C,27,SAC,1,0,4,0,1,.000,0,0,,0,1,.000,.000,3,4,.750,1,0,1,1,0,0,0,1,3
384,Norvel Pelle\pelleno01,C,27,NYK,2,0,4,0,0,,0,0,,0,0,,,1,2,.500,0,3,3,0,0,2,0,0,1
385,Reggie Perry\perryre01,PF,20,BRK,20,0,196,31,74,.419,4,20,.200,27,54,.500,.446,10,13,.769,24,42,66,14,6,6,14,35,76
386,Theo Pinson\pinsoth01,SG,25,NYK,14,0,31,1,9,.111,0,8,.000,1,1,1.000,.111,0,0,,0,2,2,1,0,0,1,4,2
387,Mason Plumlee\plumlma01,C,30,DET,50,50,1355,208,345,.603,0,7,.000,208,338,.615,.603,100,151,.662,131,322,453,176,42,44,94,167,516
388,Jakob Poeltl\poeltja01,C,25,SAS,52,34,1350,192,305,.630,0,0,,192,305,.630,.630,38,92,.413,171,244,415,98,33,84,64,120,422
389,Vincent Poirier\poirivi01,C,27,PHI,10,0,39,3,12,.250,0,1,.000,3,11,.273,.250,2,6,.333,6,8,14,2,0,3,4,8,8
390,Aleksej Pokusevski\pokusal01,PF,19,OKC,33,16,775,93,279,.333,43,149,.289,50,130,.385,.410,22,26,.846,23,134,157,64,14,33,62,39,251
391,Jordan Poole\poolejo01,SG,21,GSW,33,6,579,121,275,.440,54,155,.348,67,120,.558,.538,51,56,.911,5,44,49,61,14,4,29,51,347
392,Jontay Porter\portejo01,PF,21,MEM,5,0,19,2,7,.286,1,5,.200,1,2,.500,.357,0,0,,2,7,9,1,2,0,5,6,5
393,Kevin Porter Jr.\porteke02,SG,20,HOU,17,14,529,99,232,.427,26,97,.268,73,135,.541,.483,38,54,.704,11,56,67,113,15,7,60,37,262
394,Michael Porter Jr.\portemi01,SF,22,DEN,44,37,1344,294,551,.534,104,247,.421,190,304,.625,.628,71,93,.763,82,259,341,44,28,40,49,91,763
395,Otto Porter\porteot01,SF-PF,27,TOT,28,6,606,98,227,.432,39,104,.375,59,123,.480,.518,36,42,.857,28,124,152,55,16,4,25,41,271
395,Otto Porter\porteot01,SF,27,CHI,25,6,540,89,202,.441,38,95,.400,51,107,.477,.535,31,37,.838,28,110,138,50,12,4,25,37,247
395,Otto Porter\porteot01,PF,27,ORL,3,0,66,9,25,.360,1,9,.111,8,16,.500,.380,5,5,1.000,0,14,14,5,4,0,0,4,24
396,Bobby Portis\portibo01,C,25,MIL,49,5,1052,234,444,.527,56,119,.471,178,325,.548,.590,34,46,.739,88,268,356,52,37,19,43,83,558
397,Kristaps Porziņģis\porzikr01,C,25,DAL,34,34,1054,268,558,.480,79,214,.369,189,344,.549,.551,90,108,.833,68,251,319,54,14,55,47,91,705
398,Dwight Powell\poweldw01,C,29,DAL,39,8,571,59,115,.513,5,20,.250,54,95,.568,.535,60,77,.779,45,84,129,32,23,13,20,85,183
399,Norman Powell\powelno01,SG-SF,27,TOT,52,41,1604,337,689,.489,139,323,.430,198,366,.541,.590,177,207,.855,30,131,161,91,63,13,94,121,990
399,Norman Powell\powelno01,SG,27,TOR,42,31,1277,282,566,.498,118,269,.439,164,297,.552,.602,141,163,.865,19,107,126,77,47,8,77,98,823
399,Norman Powell\powelno01,SF,27,POR,10,10,327,55,123,.447,21,54,.389,34,69,.493,.533,36,44,.818,11,24,35,14,16,5,17,23,167
400,Taurean Prince\princta02,PF,26,TOT,36,10,793,109,284,.384,50,131,.382,59,153,.386,.472,61,72,.847,18,111,129,67,22,22,38,66,329
400,Taurean Prince\princta02,PF,26,BRK,12,4,218,30,74,.405,13,37,.351,17,37,.459,.493,24,27,.889,2,32,34,7,8,8,11,21,97
400,Taurean Prince\princta02,PF,26,CLE,24,6,575,79,210,.376,37,94,.394,42,116,.362,.464,37,45,.822,16,79,95,60,14,14,27,45,232
401,Payton Pritchard\pritcpa01,SG,23,BOS,49,1,915,123,278,.442,62,155,.400,61,123,.496,.554,21,24,.875,24,80,104,90,27,7,42,84,329
402,Immanuel Quickley\quickim01,PG,21,NYK,50,3,984,186,483,.385,91,246,.370,95,237,.401,.479,129,144,.896,23,94,117,107,25,11,46,94,592
403,Jahmi'us Ramsey\ramseja01,SG,19,SAC,5,0,17,3,5,.600,1,3,.333,2,2,1.000,.700,0,0,,0,4,4,1,0,1,1,0,7
404,Chasson Randle\randlch01,PG,27,ORL,24,5,475,42,111,.378,24,65,.369,18,46,.391,.486,15,18,.833,3,40,43,47,11,2,28,40,123
405,Julius Randle\randlju01,PF,26,NYK,54,54,2001,443,960,.461,107,269,.398,336,691,.486,.517,251,314,.799,71,505,576,324,49,14,187,171,1244
406,Cam Reddish\reddica01,SF,21,ATL,26,21,750,96,263,.365,33,126,.262,63,137,.460,.428,67,82,.817,22,82,104,35,33,9,34,68,292
407,J.J. Redick\redicjj01,SG,36,TOT,32,0,590,88,221,.398,52,143,.364,36,78,.462,.516,46,48,.958,3,51,54,42,9,2,26,37,274
407,J.J. Redick\redicjj01,SG,36,NOP,31,0,576,87,214,.407,51,140,.364,36,74,.486,.526,45,47,.957,3,49,52,40,9,2,25,37,270
407,J.J. Redick\redicjj01,SG,36,DAL,1,0,14,1,7,.143,1,3,.333,0,4,.000,.214,1,1,1.000,0,2,2,2,0,0,1,0,4
408,Paul Reed\reedpa01,PF,21,PHI,16,0,109,21,44,.477,0,6,.000,21,38,.553,.477,1,4,.250,14,15,29,6,5,7,7,16,43
409,Naz Reid\reidna01,C,21,MIN,53,14,1010,220,424,.519,45,126,.357,175,298,.587,.572,94,129,.729,56,173,229,56,28,56,54,135,579
410,Cameron Reynolds\reynoca01,SF,25,SAS,3,0,6,1,2,.500,0,0,,1,2,.500,.500,0,0,,0,0,0,0,0,0,0,0,2
411,Nick Richards\richani01,PF,23,CHO,14,0,53,4,7,.571,0,0,,4,7,.571,.571,7,11,.636,2,7,9,1,0,0,3,6,15
412,Josh Richardson\richajo01,SG,27,DAL,43,43,1377,194,451,.430,66,209,.316,128,242,.529,.503,79,87,.908,38,116,154,121,39,17,61,109,533
413,Grant Riller\rillegr01,PG,23,CHO,2,0,8,0,2,.000,0,1,.000,0,1,.000,.000,0,0,,0,0,0,1,0,0,0,0,0
414,Austin Rivers\riverau01,SG,28,NYK,21,2,442,58,135,.430,28,77,.364,30,58,.517,.533,10,14,.714,5,42,47,42,12,0,22,32,154
415,Andre Roberson\roberan03,SG,29,BRK,5,0,63,2,14,.143,1,8,.125,1,6,.167,.179,1,2,.500,7,8,15,4,3,1,2,4,6
416,Duncan Robinson\robindu01,SF,26,MIA,54,54,1740,235,537,.438,188,461,.408,47,76,.618,.613,50,59,.847,4,195,199,95,28,13,66,137,708
417,Glenn Robinson III\robingl02,SF,27,SAC,23,2,369,42,99,.424,16,44,.364,26,55,.473,.505,21,23,.913,11,34,45,20,4,3,11,23,121
418,Jerome Robinson\robinje01,SG,23,WAS,17,6,305,28,95,.295,11,42,.262,17,53,.321,.353,16,20,.800,4,34,38,25,12,6,19,31,83
419,Justin Robinson\robinju01,PG,23,OKC,5,0,62,5,16,.313,3,12,.250,2,4,.500,.406,3,5,.600,0,4,4,6,1,0,1,7,16
420,Mitchell Robinson\robinmi01,C,22,NYK,31,29,853,115,176,.653,0,0,,115,176,.653,.653,26,53,.491,113,139,252,17,35,45,26,86,256
421,Isaiah Roby\robyis01,PF,22,OKC,44,24,1032,149,301,.495,23,72,.319,126,229,.550,.533,66,93,.710,70,183,253,78,37,29,80,115,387
422,Rajon Rondo\rondora01,PG,34,TOT,32,2,488,55,135,.407,22,57,.386,33,78,.423,.489,7,8,.875,8,58,66,119,24,3,49,38,139
422,Rajon Rondo\rondora01,PG,34,ATL,27,2,402,44,110,.400,17,45,.378,27,65,.415,.477,1,2,.500,4,51,55,95,19,2,39,25,106
422,Rajon Rondo\rondora01,PG,34,LAC,5,0,86,11,25,.440,5,12,.417,6,13,.462,.540,6,6,1.000,4,7,11,24,5,1,10,13,33
423,Derrick Rose\rosede01,PG,32,TOT,34,3,811,169,397,.426,30,86,.349,139,311,.447,.463,79,93,.849,13,61,74,134,35,15,56,36,447
423,Derrick Rose\rosede01,PG,32,DET,15,0,342,79,184,.429,13,39,.333,66,145,.455,.465,42,50,.840,6,23,29,63,18,4,29,17,213
423,Derrick Rose\rosede01,PG,32,NYK,19,3,469,90,213,.423,17,47,.362,73,166,.440,.462,37,43,.860,7,38,45,71,17,11,27,19,234
424,Terrence Ross\rosste01,SG,29,ORL,44,2,1293,247,598,.413,88,258,.341,159,340,.468,.487,118,134,.881,14,139,153,102,45,20,73,86,700
425,Terry Rozier\roziete01,SG,26,CHO,50,50,1679,362,782,.463,165,408,.404,197,374,.527,.568,124,149,.832,28,176,204,172,62,19,94,90,1013
426,Ricky Rubio\rubiori01,PG,30,MIN,51,36,1339,140,367,.381,44,146,.301,96,221,.434,.441,107,125,.856,21,143,164,346,73,3,91,108,431
427,D'Angelo Russell\russeda01,PG,24,MIN,25,19,706,175,403,.434,74,182,.407,101,221,.457,.526,71,90,.789,11,54,65,122,24,11,65,50,495
428,Domantas Sabonis\sabondo01,PF,24,IND,50,50,1787,372,713,.522,39,128,.305,333,585,.569,.549,208,287,.725,129,446,575,300,57,28,168,170,991
429,Luka Šamanić\samanlu01,PF,21,SAS,22,2,205,32,68,.471,9,33,.273,23,35,.657,.537,11,21,.524,12,37,49,11,4,4,14,27,84
430,JaKarr Sampson\sampsja02,PF,27,IND,20,0,153,26,55,.473,2,8,.250,24,47,.511,.491,14,20,.700,14,28,42,1,2,7,7,22,68
431,Dario Šarić\saricda01,C,26,PHO,36,0,650,125,270,.463,38,106,.358,87,164,.530,.533,63,73,.863,39,111,150,48,20,3,42,68,351
432,Tomáš Satoranský\satorto01,SG,29,CHI,42,17,1001,125,246,.508,34,87,.391,91,159,.572,.577,49,54,.907,22,84,106,213,34,10,73,67,333
433,Dennis Schröder\schrode01,SG,27,LAL,51,51,1621,269,623,.432,57,167,.341,212,456,.465,.478,189,223,.848,25,153,178,273,61,11,144,135,784
434,Mike Scott\scottmi01,PF,32,PHI,35,8,615,53,146,.363,38,112,.339,15,34,.441,.493,6,10,.600,9,84,93,22,20,5,16,47,150
435,Collin Sexton\sextoco01,SG,22,CLE,45,45,1610,397,827,.480,70,196,.357,327,631,.518,.522,221,269,.822,34,92,126,188,52,4,119,119,1085
436,Landry Shamet\shamela01,SG,23,BRK,43,1,877,117,291,.402,85,216,.394,32,75,.427,.548,38,45,.844,9,70,79,53,23,5,32,57,357
437,Iman Shumpert\shumpim01,SG,30,BRK,2,0,11,1,4,.250,0,3,.000,1,1,1.000,.250,0,0,,1,0,1,0,1,0,1,0,2
438,Pascal Siakam\siakapa01,PF,26,TOR,45,45,1600,337,740,.455,55,194,.284,282,546,.516,.493,208,248,.839,77,243,320,208,48,33,97,147,937
439,Chris Silva\silvach01,PF,24,TOT,13,0,87,10,15,.667,1,1,1.000,9,14,.643,.700,11,15,.733,7,19,26,6,1,5,10,21,32
439,Chris Silva\silvach01,PF,24,MIA,11,0,83,9,13,.692,1,1,1.000,8,12,.667,.731,11,15,.733,7,18,25,6,1,5,9,20,30
439,Chris Silva\silvach01,PF,24,SAC,2,0,4,1,2,.500,0,0,,1,2,.500,.500,0,0,,0,1,1,0,0,0,1,1,2
440,Ben Simmons\simmobe01,PG,24,PHI,46,46,1526,262,481,.545,3,9,.333,259,472,.549,.548,156,252,.619,77,277,354,326,72,28,155,139,683
441,Anfernee Simons\simonan01,SG,21,POR,46,0,734,119,295,.403,86,207,.415,33,88,.375,.549,31,38,.816,8,95,103,62,8,5,33,72,355
442,Deividas Sirvydis\sirvyde01,SG,20,DET,12,0,26,4,12,.333,4,10,.400,0,2,.000,.500,3,4,.750,0,7,7,1,1,0,1,1,15
443,Alen Smailagić\smailal01,PF,20,GSW,5,1,26,4,10,.400,2,5,.400,2,5,.400,.500,1,4,.250,2,1,3,0,0,1,0,5,11
444,Marcus Smart\smartma01,PG,26,BOS,36,33,1171,153,374,.409,72,203,.355,81,171,.474,.505,103,131,.786,22,90,112,202,53,19,63,89,481
445,Dennis Smith Jr.\smithde03,PG,23,TOT,23,9,420,58,145,.400,19,58,.328,39,87,.448,.466,19,26,.731,12,43,55,77,23,14,26,37,154
445,Dennis Smith Jr.\smithde03,PG,23,NYK,3,0,28,2,10,.200,0,4,.000,2,6,.333,.200,5,6,.833,0,2,2,3,3,0,1,4,9
445,Dennis Smith Jr.\smithde03,PG,23,DET,20,9,392,56,135,.415,19,54,.352,37,81,.457,.485,14,20,.700,12,41,53,74,20,14,25,33,145
446,Ish Smith\smithis01,PG,32,WAS,25,1,507,64,159,.403,9,25,.360,55,134,.410,.431,8,17,.471,11,73,84,108,16,6,26,28,145
447,Jalen Smith\smithja04,PF,20,PHO,19,0,82,10,27,.370,2,10,.200,8,17,.471,.407,1,3,.333,5,11,16,2,0,2,5,9,23
448,Tony Snell\snellto01,SG,29,ATL,40,18,839,76,147,.517,56,98,.571,20,49,.408,.707,11,11,1.000,15,79,94,51,9,10,18,62,219
449,Ray Spalding\spaldra01,C,23,HOU,2,0,19,2,4,.500,0,1,.000,2,3,.667,.500,0,2,.000,2,2,4,0,0,2,3,3,4
450,Cassius Stanley\stanlca01,SG,21,IND,15,0,38,5,19,.263,1,6,.167,4,13,.308,.289,4,5,.800,4,6,10,0,0,2,1,8,15
451,Lamar Stevens\stevela01,PF,23,CLE,37,0,486,61,135,.452,4,25,.160,57,110,.518,.467,35,49,.714,23,71,94,24,17,13,22,51,161
452,Isaiah Stewart\stewais01,C,19,DET,52,4,1026,148,260,.569,11,26,.423,137,234,.585,.590,38,57,.667,113,193,306,45,26,53,48,127,345
453,Max Strus\strusma01,SF,24,MIA,27,0,337,57,122,.467,35,98,.357,22,24,.917,.611,11,16,.688,3,22,25,13,5,0,4,29,160
454,Edmond Sumner\sumneed01,SG,25,IND,40,12,564,96,184,.522,23,62,.371,73,122,.598,.584,44,55,.800,14,51,65,28,22,7,37,56,259
455,Jae'Sean Tate\tateja01,SF,25,HOU,54,42,1551,233,451,.517,44,142,.310,189,309,.612,.565,76,104,.731,106,185,291,108,63,31,64,170,586
456,Jayson Tatum\tatumja01,SF,22,BOS,49,49,1748,459,1002,.458,142,370,.384,317,632,.502,.529,207,237,.873,35,314,349,207,61,22,127,92,1267
457,Jeff Teague\teaguje01,PG,32,TOT,40,6,720,94,216,.435,29,64,.453,65,152,.428,.502,62,73,.849,10,55,65,95,27,10,43,49,279
457,Jeff Teague\teaguje01,PG,32,BOS,34,5,616,78,188,.415,26,56,.464,52,132,.394,.484,51,61,.836,10,47,57,73,26,7,39,43,233
457,Jeff Teague\teaguje01,PG,32,MIL,6,1,104,16,28,.571,3,8,.375,13,20,.650,.625,11,12,.917,0,8,8,22,1,3,4,6,46
458,Garrett Temple\templga01,SG,34,CHI,37,12,1002,112,264,.424,46,137,.336,66,127,.520,.511,31,38,.816,21,92,113,73,33,18,36,85,301
459,Tyrell Terry\terryty01,PG,20,DAL,11,0,56,5,16,.313,0,7,.000,5,9,.556,.313,1,3,.333,0,6,6,6,5,0,2,2,11
460,Daniel Theis\theisda01,C,28,TOT,50,37,1207,189,342,.553,37,113,.327,152,229,.664,.607,56,84,.667,62,197,259,83,29,48,49,130,471
460,Daniel Theis\theisda01,C,28,BOS,42,37,1027,159,288,.552,33,95,.347,126,193,.653,.609,46,67,.687,54,166,220,67,25,43,41,120,397
460,Daniel Theis\theisda01,C,28,CHI,8,0,180,30,54,.556,4,18,.222,26,36,.722,.593,10,17,.588,8,31,39,16,4,5,8,10,74
461,Brodric Thomas\thomabr01,SG,24,TOT,17,1,158,14,48,.292,5,26,.192,9,22,.409,.344,18,23,.783,3,15,18,13,7,5,11,18,51
461,Brodric Thomas\thomabr01,SG,24,HOU,4,0,24,2,7,.286,1,6,.167,1,1,1.000,.357,5,7,.714,1,3,4,4,1,1,4,5,10
461,Brodric Thomas\thomabr01,SG,24,CLE,13,1,134,12,41,.293,4,20,.200,8,21,.381,.341,13,16,.813,2,12,14,9,6,4,7,13,41
462,Isaiah Thomas\thomais02,PG,31,NOP,3,0,48,9,27,.333,3,12,.250,6,15,.400,.389,2,2,1.000,1,3,4,5,1,0,6,3,23
463,Matt Thomas\thomama02,SG,26,TOT,32,0,247,31,88,.352,20,61,.328,11,27,.407,.466,6,7,.857,4,26,30,14,3,0,10,14,88
463,Matt Thomas\thomama02,SG,26,TOR,26,0,192,24,62,.387,17,41,.415,7,21,.333,.524,6,7,.857,3,18,21,9,2,0,6,10,71
463,Matt Thomas\thomama02,SG,26,UTA,6,0,55,7,26,.269,3,20,.150,4,6,.667,.327,0,0,,1,8,9,5,1,0,4,4,17
464,Tristan Thompson\thomptr01,PF,29,BOS,40,31,901,129,244,.529,0,3,.000,129,241,.535,.529,56,92,.609,123,206,329,40,15,18,38,86,314
465,Sindarius Thornwell\thornsi01,SG,26,NOP,14,1,73,7,21,.333,3,9,.333,4,12,.333,.405,0,2,.000,1,4,5,4,5,1,4,3,17
466,Matisse Thybulle\thybuma01,SG,23,PHI,51,6,986,74,179,.413,34,110,.309,40,69,.580,.508,8,14,.571,25,71,96,47,77,50,20,101,190
467,Killian Tillie\tilliki02,C,22,MEM,10,0,86,8,30,.267,3,17,.176,5,13,.385,.317,4,5,.800,5,7,12,2,3,5,1,10,23
468,Xavier Tillman Sr.\tillmxa01,PF,22,MEM,42,7,771,111,211,.526,12,45,.267,99,166,.596,.555,25,38,.658,52,123,175,58,32,24,31,90,259
469,Obi Toppin\toppiob01,PF,22,NYK,45,0,520,78,161,.484,18,64,.281,60,97,.619,.540,16,22,.727,19,80,99,23,12,11,21,46,190
470,Juan Toscano-Anderson\toscaju01,SG,27,GSW,37,15,650,68,120,.567,21,49,.429,47,71,.662,.654,15,20,.750,19,120,139,80,23,16,35,71,172
471,Axel Toupane\toupaax01,SF,28,MIL,8,1,61,4,11,.364,1,2,.500,3,9,.333,.409,5,7,.714,0,6,6,4,2,3,0,6,14
472,Karl-Anthony Towns\townska01,C,25,MIN,34,34,1180,298,604,.493,82,210,.390,216,394,.548,.561,172,195,.882,93,286,379,155,26,49,110,120,850
473,Gary Trent Jr.\trentga02,SG,22,TOT,52,34,1632,291,691,.421,151,385,.392,140,306,.458,.530,71,91,.780,22,107,129,76,47,8,40,82,804
473,Gary Trent Jr.\trentga02,SG,22,POR,41,23,1262,217,524,.414,121,305,.397,96,219,.438,.530,58,75,.773,21,70,91,58,37,6,31,63,613
473,Gary Trent Jr.\trentga02,SG,22,TOR,11,11,370,74,167,.443,30,80,.375,44,87,.506,.533,13,16,.813,1,37,38,18,10,2,9,19,191
474,P.J. Tucker\tuckepj01,PF,35,TOT,35,32,1003,49,135,.363,28,90,.311,21,45,.467,.467,18,23,.783,36,118,154,46,29,20,33,93,144
474,P.J. Tucker\tuckepj01,PF,35,HOU,32,32,959,48,131,.366,27,86,.314,21,45,.467,.469,18,23,.783,33,115,148,45,29,18,33,91,141
474,P.J. Tucker\tuckepj01,PF,35,MIL,3,0,44,1,4,.250,1,4,.250,0,0,,.375,0,0,,3,3,6,1,0,2,0,2,3
475,Rayjon Tucker\tuckera01,PG,23,PHI,7,0,30,2,5,.400,1,2,.500,1,3,.333,.500,8,8,1.000,1,5,6,2,0,0,1,3,13
476,Myles Turner\turnemy01,C,24,IND,46,46,1422,204,423,.482,68,201,.338,136,222,.613,.563,107,136,.787,59,236,295,46,40,159,66,162,583
477,Jonas Valančiūnas\valanjo01,C,28,MEM,47,46,1312,331,575,.576,15,44,.341,316,531,.595,.589,121,156,.776,198,399,597,83,26,36,82,137,798
478,Denzel Valentine\valende01,SG,27,CHI,46,3,811,124,327,.379,63,190,.332,61,137,.445,.476,11,11,1.000,20,146,166,77,26,1,28,49,322
479,Jarred Vanderbilt\vandeja01,PF,21,MIN,47,25,813,100,165,.606,1,4,.250,99,161,.615,.609,48,80,.600,71,172,243,61,44,34,44,89,249
480,Fred VanVleet\vanvlfr01,SG,26,TOR,44,44,1601,285,725,.393,147,396,.371,138,329,.419,.494,154,174,.885,28,158,186,270,76,34,86,105,871
481,Devin Vassell\vassede01,SF,20,SAS,44,1,727,77,194,.397,38,97,.392,39,97,.402,.495,29,33,.879,18,103,121,40,37,12,17,62,221
482,Gabe Vincent\vincega01,PG,24,MIA,37,6,513,69,187,.369,33,119,.277,36,68,.529,.457,20,23,.870,7,33,40,53,17,2,27,61,191
483,Noah Vonleh\vonleno01,PF,25,BRK,4,0,11,0,3,.000,0,2,.000,0,1,.000,.000,0,0,,0,1,1,1,0,0,2,2,0
484,Nikola Vučević\vucevni01,C,30,TOT,54,54,1818,525,1085,.484,138,337,.409,387,748,.517,.547,110,132,.833,108,506,614,202,53,38,97,102,1298
484,Nikola Vučević\vucevni01,C,30,ORL,44,44,1500,436,908,.480,117,288,.406,319,620,.515,.545,91,110,.827,87,430,517,167,42,28,83,79,1080
484,Nikola Vučević\vucevni01,C,30,CHI,10,10,318,89,177,.503,21,49,.429,68,128,.531,.562,19,22,.864,21,76,97,35,11,10,14,23,218
485,Dean Wade\wadede01,PF,24,CLE,45,12,760,90,205,.439,51,137,.372,39,68,.574,.563,16,21,.762,21,115,136,50,21,16,18,51,247
486,Moritz Wagner\wagnemo01,C,23,TOT,33,14,431,66,135,.489,15,48,.313,51,87,.586,.544,42,54,.778,16,75,91,38,22,8,27,70,189
486,Moritz Wagner\wagnemo01,C,23,WAS,25,13,375,62,122,.508,13,42,.310,49,80,.613,.561,41,52,.788,13,60,73,32,22,8,21,62,178
486,Moritz Wagner\wagnemo01,C,23,BOS,8,1,56,4,13,.308,2,6,.333,2,7,.286,.385,1,2,.500,3,15,18,6,0,0,6,8,11
487,Kemba Walker\walkeke02,PG,30,BOS,35,35,1098,213,536,.397,96,282,.340,117,254,.461,.487,98,104,.942,10,124,134,177,39,10,72,47,620
488,Lonnie Walker\walkelo01,SG,22,SAS,40,30,1025,175,408,.429,68,187,.364,107,221,.484,.512,42,53,.792,10,96,106,64,21,14,40,76,460
489,John Wall\walljo01,PG,30,HOU,35,35,1125,257,635,.405,74,222,.333,183,413,.443,.463,132,181,.729,17,98,115,239,39,27,120,41,720
490,Brad Wanamaker\wanambr01,PG,31,TOT,47,0,787,84,229,.367,16,76,.211,68,153,.444,.402,65,72,.903,12,68,80,132,33,8,52,71,249
490,Brad Wanamaker\wanambr01,PG,31,GSW,39,0,625,61,173,.353,13,61,.213,48,112,.429,.390,50,56,.893,8,58,66,99,26,6,37,55,185
490,Brad Wanamaker\wanambr01,PG,31,CHO,8,0,162,23,56,.411,3,15,.200,20,41,.488,.438,15,16,.938,4,10,14,33,7,2,15,16,64
491,T.J. Warren\warretj01,SF,27,IND,4,4,117,27,51,.529,0,7,.000,27,44,.614,.529,8,10,.800,2,12,14,5,2,0,4,16,62
492,P.J. Washington\washipj01,PF,22,CHO,48,48,1413,199,467,.426,67,181,.370,132,286,.462,.498,91,115,.791,68,239,307,130,47,62,103,128,556
493,Yuta Watanabe\watanyu01,SF,26,TOR,36,1,445,42,102,.412,18,49,.367,24,53,.453,.500,11,14,.786,30,84,114,21,19,15,11,36,113
494,Tremont Waters\watertr01,PG,23,BOS,15,1,112,12,36,.333,6,17,.353,6,19,.316,.417,11,12,.917,3,7,10,34,8,0,13,6,41
495,Paul Watson\watsopa01,SF,26,TOR,24,0,234,25,55,.455,20,44,.455,5,11,.455,.636,2,4,.500,3,32,35,11,5,2,6,31,72
496,Quinndary Weatherspoon\weathqu01,SG,24,SAS,15,0,70,5,15,.333,0,2,.000,5,13,.385,.333,7,8,.875,2,4,6,5,5,2,8,11,17
497,Russell Westbrook\westbru01,PG,32,WAS,46,46,1625,377,864,.436,60,194,.309,317,670,.473,.471,185,295,.627,75,417,492,499,56,18,229,125,999
498,Coby White\whiteco01,PG,20,CHI,50,36,1545,265,646,.410,105,309,.340,160,337,.475,.491,87,96,.906,22,190,212,222,27,8,110,132,722
499,Derrick White\whitede01,SG,26,SAS,28,24,821,139,344,.404,58,181,.320,81,163,.497,.488,72,84,.857,7,69,76,91,22,29,39,76,408
500,Hassan Whiteside\whiteha01,C,31,SAC,31,1,443,103,184,.560,0,1,.000,103,183,.563,.560,36,68,.529,50,127,177,16,7,41,33,56,242
501,Greg Whittington\whittgr01,PF,27,DEN,4,0,12,0,3,.000,0,2,.000,0,1,.000,.000,0,0,,0,0,0,0,0,0,0,0,0
502,Andrew Wiggins\wiggian01,PF,25,GSW,54,54,1763,369,780,.473,107,281,.381,262,499,.525,.542,129,186,.694,55,203,258,125,52,53,101,117,974
503,Grant Williams\willigr01,PF,22,BOS,47,8,873,75,172,.436,36,93,.387,39,79,.494,.541,19,36,.528,39,97,136,48,26,18,40,122,205
504,Kenrich Williams\willike04,PF,26,OKC,54,10,1117,169,314,.538,38,87,.437,131,227,.577,.599,26,46,.565,68,157,225,117,38,12,53,110,402
505,Lou Williams\willilo02,PG,34,TOT,50,3,1110,219,518,.423,56,141,.397,163,377,.432,.477,113,131,.863,17,85,102,175,43,5,78,49,607
505,Lou Williams\willilo02,PG,34,LAC,42,3,918,181,430,.421,45,119,.378,136,311,.437,.473,103,119,.866,15,73,88,144,39,4,66,42,510
505,Lou Williams\willilo02,PG,34,ATL,8,0,192,38,88,.432,11,22,.500,27,66,.409,.494,10,12,.833,2,12,14,31,4,1,12,7,97
506,Patrick Williams\willipa01,PF,19,CHI,52,52,1481,190,400,.475,41,108,.380,149,292,.510,.526,66,86,.767,51,190,241,66,45,35,73,104,487
507,Robert Williams\williro04,C,23,BOS,47,10,888,172,239,.720,0,2,.000,172,237,.726,.720,42,65,.646,121,206,327,83,39,84,48,100,386
508,Zion Williamson\willizi01,PF,20,NOP,49,49,1612,504,813,.620,9,25,.360,495,788,.628,.625,298,424,.703,125,225,350,179,44,33,124,110,1315
509,D.J. Wilson\wilsodj01,PF,24,TOT,25,0,262,40,98,.408,21,55,.382,19,43,.442,.515,8,11,.727,11,58,69,10,4,12,15,33,109
509,D.J. Wilson\wilsodj01,PF,24,MIL,12,0,105,16,43,.372,10,28,.357,6,15,.400,.488,1,2,.500,3,22,25,3,1,4,4,13,43
509,D.J. Wilson\wilsodj01,PF,24,HOU,13,0,157,24,55,.436,11,27,.407,13,28,.464,.536,7,9,.778,8,36,44,7,3,8,11,20,66
510,Dylan Windler\windldy01,SF,24,CLE,31,0,513,57,130,.438,26,77,.338,31,53,.585,.538,21,27,.778,20,87,107,33,19,12,32,37,161
511,Justise Winslow\winslju01,SF,24,MEM,16,0,337,50,146,.342,5,41,.122,45,105,.429,.360,9,16,.563,13,64,77,28,12,7,25,32,114
512,Cassius Winston\winstca01,PG,22,WAS,15,0,86,10,26,.385,7,15,.467,3,11,.273,.519,5,6,.833,0,9,9,10,2,1,1,8,32
513,James Wiseman\wisemja01,C,19,GSW,39,27,836,191,368,.519,12,38,.316,179,330,.542,.535,54,86,.628,55,171,226,26,11,36,60,121,448
514,Christian Wood\woodch01,C,25,HOU,31,31,985,253,475,.533,54,144,.375,199,331,.601,.589,93,144,.646,52,241,293,48,27,38,57,62,653
515,Robert Woodard\woodaro01,SF,21,SAC,11,0,29,7,14,.500,1,4,.250,6,10,.600,.536,3,8,.375,3,8,11,0,0,2,1,2,18
516,Delon Wright\wrighde01,SG-PG,28,TOT,45,31,1232,159,349,.456,38,108,.352,121,241,.502,.510,84,105,.800,45,143,188,197,68,19,55,51,440
516,Delon Wright\wrighde01,SG,28,DET,36,31,1052,136,293,.464,31,89,.348,105,204,.515,.517,71,90,.789,37,127,164,181,58,19,48,45,374
516,Delon Wright\wrighde01,PG,28,SAC,9,0,180,23,56,.411,7,19,.368,16,37,.432,.473,13,15,.867,8,16,24,16,10,0,7,6,66
517,Thaddeus Young\youngth01,PF,32,CHI,49,16,1218,276,472,.585,6,27,.222,270,445,.607,.591,49,79,.620,119,194,313,209,58,30,98,118,607
518,Trae Young\youngtr01,PG,22,ATL,50,50,1714,388,891,.435,117,324,.361,271,567,.478,.501,378,436,.867,32,166,198,475,41,11,214,97,1271
519,Cody Zeller\zelleco01,C,28,CHO,34,20,730,124,233,.532,3,24,.125,121,209,.579,.539,58,79,.734,90,156,246,68,23,14,34,79,309
520,Ivica Zubac\zubaciv01,C,23,LAC,56,17,1237,195,299,.652,0,3,.000,195,296,.659,.652,104,129,.806,150,257,407,67,21,49,60,142,494